t = [0 0 0 0 0 0 0 0 0 0 0 0 0 0 0 0 0 0 0 0 0 0 0 0 0 0 0 0 0 0 0 0 0 0 0 0 0 0 0 0 0 0 0 0 0 0 0 0 0 0 0 0 0 0 0 0 0 0 0 0 0 0 0 0 0 0 0 0 0 0 0 0 0 0 0 0 0 0 0 0 0 0 0 0 0 0 0 0 0 0 0 0 0 0 0 0 0 0 0 0 0 0 0 0 0 0 0 0 0 0 0 0 0 0 0 0 0 0 0 0 0 0 0 0 0 0 0 0 0 0 0 0 0 0 0 0 0 0 0 0 0 0 0 0 0 0 0 0 0 0 0 0 0 0 0 0 0 0 0 0 0 0 0 0 0 0 0 0 0 0 0 0 0 0 0 0 0 0 0 0 0 0 0 0 0 0 0 0 0 0 0 0 0 0 0 0 0 0 0 0 0 0 0 0 0 0 0 0 0 0 0 0 0 0 0 0 0 0 0 0 0 0 0 0 0 0 0 0 0 0 0 0 0 0 0 0 0 0 0 0 0 0 0 0 0 0 0 0 0 0 0 0 0 0 0 0 0 0 0 0 0 0 0 0 0 0 0 0 0 0 0 0 0 0 0 0 0 0 0 0 0 0 0 0 0 0 0 0 0 0 0 0 0 0 0 0 0 0 0 0 0 0 0 0 0 0 0 0 0 0 0 0 0 0 0 0 0 0 0 0 0 0 0 0 0 0 0 0 0 0 0 0 0 0 0 0 0 0 0 0 0 0 0 0 0 0 0 0 0 0 0 0 0 0 0 0 0 0 0 0 0 0 0 0 0 0 0 0 0 0 0 0 0 0 0 0 0 0 0 0 0 0 0 0 0 0 0 0 0 0 0 0 0 0 0 0 0 0 0 0 0 0 0 0 0 0 0 0 0 0 0 0 0 0 0 0 0 0 0 0 0 0 0 0 0 0 0 0 0 0 0 0 0 0 0 0 0 0 0 0 0 0 0 0 0 0 0 0 0 0 0 0 0 0 0 0 0 0 0 0 0 0 0 0 0 0 0 0 0 0 0 0 0 0 0 0 0 0 0 0 0 0 0 0 0 0 0 0 0 0 0 0 0 0 0 0 0 0 0 0 0 0 0 0 0 0 0 0 0 0 0 0 0 0 0 0 0 0 0 0 0 0 0 0 0 0 0 0 0 0 0 0 0 0 0 0 0 0 0 0 0 0 0 0 0 0 0 0 0 0 0 0 0 0 0 0 0 0 0 0 0 0 0 0 0 0 0 0 0 0 0 0 0 0 0 0 0 0 0 0 0 0 0 0 0 0 0 0 0 0 0 0 0 0 0 0 0 0 0 0 0 0 0 0 0 0 0 0 0 0 0 0];
x1 = [240 237 239 240 242 244 240 242 242 243 242 243 244 242 244 249 253 253 250 246 247 246 244 246 244 247 247 246 246 249 249 252 250 247 253 256 256 256 255 252 253 253 252 250 250 253 252 253 252 250 252 250 250 249 249 249 247 252 247 246 243 244 244 242 244 246 246 247 250 250 246 246 244 242 242 239 239 239 240 240 242 239 242 240 239 239 240 242 244 246 240 242 239 237 236 237 237 236 234 236 234 236 233 234 236 231 231 230 233 231 231 230 230 233 233 233 231 231 234 231 234 234 234 236 239 243 234 236 236 234 231 233 231 233 231 231 231 230 230 231 231 233 231 236 237 239 231 227 229 229 231 234 231 231 230 231 233 233 233 234 236 234 234 237 234 234 234 229 227 227 226 230 227 227 226 227 229 229 226 227 227 227 229 229 226 227 221 227 226 223 224 224 226 223 223 220 218 223 223 223 220 220 221 223 223 223 223 224 223 223 224 220 221 218 221 220 221 218 220 221 221 220 223 221 221 220 221 218 223 218 221 220 218 221 17 17 17 18 17 18 18 18 17 17 18 17 18 20 20 20 20 18 20 18 18 17 20 17 17 18 20 17 18 20 18 20 20 18 20 18 20 18 18 18 15 18 20 20 20 20 21 18 20 20 21 21 20 18 20 20 20 20 21 21 23 21 20 20 20 20 23 23 21 20 20 18 20 20 20 18 18 18 20 20 20 20 21 21 21 21 23 20 18 17 17 17 20 20 20 20 18 18 20 18 17 18 18 21 18 18 18 18 18 20 17 18 20 18 18 18 18 18 20 18 18 18 21 20 20 20 20 18 18 17 17 18 20 18 18 17 17 15 18 18 18 15 17 17 20 20 17 15 17 15 17 18 17 14 18 18 18 20 17 20 18 18 18 17 18 20 18 18 18 17 18 18 21 20 18 21 24 24 23 23 23 20 23 24 28 33 36 40 41 44 43 46 44 46 46 46 44 46 46 46 46 46 44 46 46 47 46 44 44 46 43 46 44 43 46 44 44 44 46 46 44 44 44 43 44 44 44 46 46 44 46 44 44 46 44 44 44 44 44 46 44 44 44 43 46 44 44 44 46 46 44 44 43 44 44 46 44 44 46 43 46 44 44 44 44 46 44 44 44 46 44 44 44 44 44 46 44 44 46 44 44 46 46 44 43 46 44 46 47 43 46 44 46 44 46 44 44 44 44 44 46 46 46 44 46 46 46 46 47 46 46 46 46 46 46 44 46 44 47 46 46 47 47 46 46 46 46 46 46 47 47 47 46 47 44 46 46 47 46 44 44 46 46 46 46 46 46 46 44 46 44 44 46 46 44 43 44 43 43 43 46 46 44 44 43 44 43 43 43 43 43 41 41 41 43 40 41 41];
x2 = [240 240 241 240 241 242 241 241 241 242 242 242 244 241 244 246 250 252 248 244 245 244 244 245 242 244 244 242 245 246 248 249 248 246 250 255 253 253 250 249 252 252 250 249 248 250 249 250 249 248 248 248 246 246 246 245 245 249 245 244 241 245 244 242 244 245 245 246 248 248 245 244 244 238 240 238 237 237 240 238 242 241 242 240 240 238 241 241 244 245 241 240 240 238 238 238 237 237 236 237 236 237 234 234 236 233 233 230 233 233 233 232 233 233 232 233 234 234 236 234 236 237 237 238 240 245 237 238 236 236 234 236 233 234 233 232 233 233 234 233 234 237 234 237 238 241 233 230 232 232 236 234 234 233 232 233 234 236 236 237 237 238 236 238 236 236 237 232 232 230 229 234 229 228 228 230 232 232 229 230 230 232 230 229 229 228 224 230 228 226 228 226 229 225 224 221 224 225 225 224 221 222 224 225 225 225 225 228 225 226 226 224 225 222 224 221 224 222 224 224 225 225 225 225 224 222 224 221 225 221 224 221 221 224 26 28 26 26 28 26 28 26 26 26 28 28 30 30 30 30 29 30 28 26 25 29 29 28 29 29 29 26 29 30 29 29 29 29 30 30 29 26 26 28 28 30 30 30 29 32 30 30 30 30 30 30 29 30 30 29 29 32 33 34 30 30 30 30 32 32 32 32 29 30 30 29 30 29 29 28 30 30 30 30 30 30 30 30 32 30 29 28 26 26 28 30 30 30 30 29 29 28 29 28 29 29 29 28 28 28 29 28 29 29 29 28 26 28 29 30 30 29 28 29 29 29 30 30 29 29 28 28 25 26 26 29 28 28 26 26 26 28 29 28 26 26 28 29 28 25 28 26 28 28 26 26 26 29 29 28 28 28 26 28 28 28 28 28 29 28 28 28 28 28 29 30 29 28 30 32 30 28 24 21 16 13 14 18 24 26 30 32 33 36 36 36 36 38 38 38 38 38 37 37 37 37 37 38 37 38 38 38 38 38 37 38 38 37 38 38 37 37 38 38 37 37 38 38 38 38 37 38 38 38 38 38 38 38 37 38 38 37 37 38 37 37 38 37 38 38 37 37 38 38 38 37 38 37 38 38 36 38 38 38 38 37 38 37 37 38 38 37 37 38 37 37 37 38 38 38 37 38 37 38 38 38 38 38 38 38 40 38 38 38 38 38 37 38 37 37 37 38 38 38 38 40 40 40 40 38 38 38 40 40 38 40 37 40 38 41 38 41 41 40 40 40 40 40 40 38 40 40 38 40 38 40 40 41 40 40 40 40 38 38 40 40 38 40 38 40 41 40 38 40 38 38 38 38 38 37 38 37 38 37 37 37 37 37 36 37 37 37 37 37 37 36 37 36 37 34 36 34];
x3 = [239 242 242 242 245 245 242 245 245 245 242 242 242 242 242 248 251 255 248 242 245 245 242 245 242 242 245 245 245 245 248 248 248 245 248 255 251 255 251 248 251 255 248 248 248 251 248 251 248 248 248 248 248 245 245 242 242 245 242 242 239 242 242 242 242 242 242 245 245 245 245 242 245 239 239 239 239 239 242 239 242 242 242 242 239 239 242 239 245 245 242 239 239 239 236 239 236 236 236 236 236 239 236 236 239 233 236 230 233 233 233 236 233 236 233 233 233 233 236 236 236 236 236 239 236 245 239 239 236 236 236 236 236 233 233 230 233 236 233 233 236 236 236 239 239 242 233 233 230 233 236 236 233 233 236 233 236 236 236 236 236 239 236 236 236 236 236 233 233 233 233 236 230 230 227 230 230 230 230 230 230 230 233 230 230 227 227 230 230 227 230 227 230 224 224 224 221 227 227 227 227 224 224 224 227 227 227 227 224 224 227 224 224 224 224 224 227 221 224 224 224 227 227 224 227 227 224 224 227 221 227 221 221 224 15 15 15 12 12 12 18 15 15 12 12 12 15 15 15 18 18 15 15 15 15 12 18 18 15 12 18 15 15 18 15 15 18 15 15 12 15 15 15 18 15 15 15 15 18 18 18 18 15 18 18 18 15 15 15 15 18 15 15 21 21 15 18 15 15 15 18 15 18 18 18 15 18 15 18 12 15 15 15 15 18 18 18 18 21 18 15 15 15 15 15 15 18 18 18 15 15 12 18 15 15 12 15 15 18 18 15 15 15 15 18 15 15 15 12 15 15 15 15 18 15 15 18 15 15 18 18 18 18 15 12 15 15 15 12 12 15 12 15 18 15 15 15 15 15 15 15 15 15 15 15 18 15 15 12 15 18 15 12 15 21 15 15 15 12 15 18 12 15 15 15 18 18 18 21 18 24 27 27 30 30 27 30 27 30 33 36 36 39 39 39 39 36 39 36 39 42 39 36 39 39 39 36 39 39 39 39 36 39 39 36 39 36 36 42 39 39 36 39 39 36 39 42 36 39 39 36 39 39 36 39 39 39 39 39 36 36 39 36 39 42 39 39 39 39 39 39 36 39 39 39 42 39 39 39 42 39 39 42 39 39 39 39 42 39 39 39 39 39 39 39 36 42 39 42 39 39 39 42 42 42 39 39 39 39 42 39 39 39 39 39 39 39 42 39 36 39 39 42 39 42 42 42 42 42 42 42 39 36 42 42 42 39 42 42 42 39 42 42 42 42 39 42 42 42 39 42 39 39 42 42 39 42 42 42 42 42 39 39 36 39 39 39 39 42 39 39 39 39 39 39 39 39 39 36 36 39 36 39 39 39 39 39 39 36 39 36 39 36 36 36 36 33 39 36 33 36 36];
