t = [0 0 0 0 0 0 0 0 0 0 0 0 0 0 0 0 0 0 0 0 0 0 0 0 0 0 0 0 0 0 0 0 0 0 0 0 0 0 0 0 0 0 0 0 0 0 0 0 0 0 0 0 0 0 0 0 0 0 0 0 0 0 0 0 0 0 0 0 0 0 0 0 0 0 0 0 0 0 0 0 0 0 0 0 0 0 0 0 0 0 0 0 0 0 0 0 0 0 0 0 0 0 0 0 0 0 0 0 0 0 0 0 0 0 0 0 0 0 0 0 0 0 0 0 0 0 0 0 0 0 0 0 0 0 0 0 0 0 0 0 0 0 0 0 0 0 0 0 0 0 0 0 0 0 0 0 0 0 0 0 0 0 0 0 0 0 0 0 0 0 0 0 0 0 0 0 0 0 0 0 0 0 0 0 0 0 0 0 0 0 0 0 0 0 0 0 0 0 0 0 0 0 0 0 0 0 0 0 0 0 0 0 0 0 0 0 0 0 0 0 0 0 0 0 0 0 0 0 0 0 0 0 0 0 0 0 0 0 0 0 0 0 0 0 0 0 0 0 0 0 0 0 0 0 0 0 0 0 0 0 0 0 0 0 0 0 0 0 0 0 0 0 0 0 0 0 0 0 0 0 0 0 0 0 0 0 0 0 0 0 0 0 0 0 0 0 0 0 0 0 0 0 0 0 0 0 0 0 0 0 0 0 0 0 0 0 0 0 0 0 0 0 0 0 0 0 0 0 0 0 0 0 0 0 0 0 0 0 0 0 0 0 0 0 0 0 0 0 0 0 0 0 0 0 0 0 0 0 0 0 0 0 0 0 0 0 0 0 0 0 0 0 0 0 0 0 0 0 0 0 0 0 0 0 0 0 0 0 0 0 0 0 0 0 0 0 0 0 0 0 0 0 0 0 0 0 0 0 0 0 0 0 0 0 0 0 0 0 0 0 0 0 0 0 0 0 0 0 0 0 0 0 0 0 0 0 0 0 0 0 0 0 0 0 0 0 0 0 0 0 0 0 0 0 0 0 0 0 0 0 0 0 0 0 0 0 0 0 0 0 0 0 0 0 0 0 0 0 0 0 0 0 0 0 0 0 0 0 0 0 0 0 0 0 0 0 0 0 0 0 0 0 0 0 0 0 0 0 0 0 0 0 0 0 0 0 0 0 0 0 0 0 0 0 0 0 0 0 0 0 0 0 0 0 0 0 0 0 0 0 0 0 0 0 0 0 0 0 0 0 0 0 0 0 0 0 0 0 0 0 0 0 0 0 0 0 0 0 0 0 0 0 0 0 0 0 0 0 0 0 0 0 0 0 0 0 0 0 0 0 0 0 0 0 0 0 0 0 0 0 0 0 0 0 0 0 0 0 0 0 0 0];
x1 = [235 234 235 234 235 237 234 233 235 236 236 235 235 233 234 234 237 239 237 237 239 239 237 240 237 237 237 236 236 237 239 239 240 238 240 241 239 240 238 236 236 237 236 232 236 235 235 237 235 232 232 231 232 232 234 233 232 231 229 229 231 232 236 238 235 236 236 237 239 239 240 239 239 239 237 237 236 234 235 235 236 235 236 234 235 234 234 236 236 236 232 233 231 233 233 234 235 234 234 233 233 232 234 233 235 234 231 232 235 233 234 233 234 232 234 232 231 232 232 233 230 231 233 231 232 231 234 236 230 230 230 231 230 230 228 228 227 231 231 230 230 229 231 231 231 232 230 230 226 229 229 231 230 229 227 228 230 230 230 228 230 229 231 232 230 228 229 229 227 226 227 229 230 226 226 226 229 226 227 226 226 229 228 227 226 227 226 231 227 228 227 224 219 225 222 222 221 224 222 224 222 224 221 224 224 224 224 226 225 226 223 226 224 220 223 219 221 221 221 221 221 222 222 222 221 221 221 221 219 223 222 223 225 226 21 21 21 22 21 22 21 22 20 18 20 19 19 19 20 20 20 20 20 20 20 20 19 20 19 19 19 20 21 23 20 21 22 20 19 21 20 21 21 20 22 22 22 23 21 21 21 21 20 20 21 20 21 24 23 22 23 22 22 22 21 23 21 22 23 22 22 22 22 21 22 21 22 20 21 22 22 22 22 22 21 22 21 22 22 21 22 20 20 20 21 21 22 21 20 20 24 20 20 21 21 21 19 21 20 19 19 19 20 21 22 18 18 18 20 21 21 21 21 20 21 20 20 20 20 21 20 19 18 19 18 20 20 19 20 20 19 19 19 20 19 20 19 20 21 20 18 19 20 20 19 19 20 18 18 19 20 19 21 19 19 21 19 19 22 20 21 19 21 22 25 23 22 20 16 14 13 19 24 28 29 31 32 33 34 35 36 35 36 36 36 36 37 36 38 37 37 38 37 38 38 37 38 38 38 39 39 38 38 38 38 38 38 38 38 39 39 38 39 40 38 39 39 40 39 39 39 40 40 40 39 40 39 40 39 40 40 38 39 39 39 40 39 40 40 39 40 41 39 39 40 40 40 40 40 39 39 40 40 40 39 40 40 40 40 40 40 40 39 40 40 41 39 41 41 41 41 41 41 42 41 41 41 42 40 40 41 39 39 40 41 39 40 40 40 40 40 41 40 39 40 41 41 41 40 40 42 41 41 41 42 41 40 41 42 42 41 41 41 41 42 42 41 41 42 42 41 42 42 42 42 42 41 41 41 42 42 42 42 42 42 42 42 43 43 43 42 43 43 42 41 42 42 43 42 43 42 42 43 43 42 43 42 41 41 41 41 41 42 41 42 42 42 42 42 43 42 42];
x2 = [243 243 244 242 243 244 242 242 243 244 242 243 242 240 240 241 244 246 244 242 243 244 242 244 242 242 243 243 242 243 246 246 247 245 247 247 247 246 244 242 243 242 242 240 242 242 240 240 239 237 238 237 238 238 239 238 238 237 236 235 237 239 242 242 240 242 243 244 245 244 246 245 243 244 242 241 242 241 242 242 243 241 243 243 243 243 242 243 242 242 240 240 240 241 242 244 242 241 242 241 241 240 242 240 244 243 241 240 244 241 242 241 242 241 242 240 241 242 240 241 239 240 241 241 240 240 241 243 239 240 240 240 240 238 237 238 237 240 238 238 238 237 240 240 239 240 240 240 236 239 238 239 237 236 236 237 239 239 239 237 238 238 239 239 237 235 235 237 235 233 235 237 236 233 233 233 236 235 237 235 234 236 235 235 234 235 235 240 236 237 234 233 229 233 230 229 230 232 231 232 230 232 231 233 233 233 233 235 233 236 232 233 232 229 231 228 231 231 232 230 231 232 232 232 230 230 231 231 231 233 232 232 232 232 31 32 31 31 30 30 30 29 28 29 30 28 29 29 31 31 29 29 30 29 31 30 29 29 29 29 30 32 32 31 33 33 30 29 30 31 32 30 30 32 33 33 34 31 31 32 30 30 30 29 33 33 34 33 33 33 33 32 30 31 31 32 34 33 34 34 32 31 34 35 32 31 31 32 32 33 33 32 32 33 33 35 34 33 32 31 32 31 31 31 32 32 31 32 33 33 31 30 31 31 31 32 30 30 28 29 30 32 33 30 28 28 29 31 32 31 31 31 31 30 32 31 30 31 31 30 30 28 28 28 31 30 30 31 30 29 29 28 29 31 29 30 30 30 29 28 28 29 30 30 30 29 28 28 31 30 30 29 31 31 30 29 30 30 30 30 30 33 33 33 31 27 21 14 7 7 7 10 14 18 21 22 24 24 26 26 27 27 27 28 28 28 28 28 28 29 28 29 29 30 29 29 30 30 29 30 30 30 31 29 30 30 31 30 31 31 32 31 31 32 31 32 32 33 32 32 33 32 32 33 33 33 33 32 32 33 32 32 33 32 32 32 32 33 33 32 33 33 33 33 32 32 33 33 33 33 33 33 33 34 33 33 32 33 33 32 33 33 33 33 33 33 33 34 33 34 33 34 33 35 34 34 34 33 33 33 34 32 32 33 33 32 33 32 34 33 33 33 33 33 34 33 33 34 33 33 34 34 34 34 34 34 34 34 35 35 34 34 35 35 34 34 34 34 35 35 34 34 35 34 34 34 34 34 35 34 35 35 35 35 34 35 35 35 35 36 35 35 35 35 35 35 35 35 35 35 35 35 35 35 34 35 35 34 35 34 34 35 35 34 35 34 35 35 35 35 35 35];
x3 = [242 241 241 239 239 241 241 239 241 242 242 243 242 239 239 242 242 243 242 242 243 241 241 243 242 241 242 241 239 241 242 241 243 243 245 243 243 245 243 241 242 241 241 239 241 239 241 241 239 238 238 236 236 236 238 238 238 238 235 235 235 238 239 241 238 241 239 241 242 241 243 243 242 242 242 241 241 241 241 241 241 239 241 239 239 239 239 241 241 241 239 239 236 238 238 239 239 239 242 241 238 239 241 239 241 241 236 238 242 239 241 238 239 239 239 239 239 238 241 239 238 238 239 239 239 238 239 241 238 236 236 238 236 236 235 235 234 236 236 236 238 235 238 238 238 239 236 235 234 238 235 238 236 235 234 234 238 236 238 236 235 235 236 238 236 234 235 235 232 232 234 232 234 231 234 232 234 231 232 231 231 234 235 234 234 234 232 235 234 234 234 228 225 231 230 228 230 231 228 230 230 230 228 230 231 231 232 232 231 232 231 231 232 230 228 227 228 228 230 228 228 230 228 230 228 228 230 228 227 230 230 230 231 231 20 20 22 20 20 22 22 22 22 20 18 20 20 20 19 19 20 22 20 22 20 20 20 20 20 20 20 20 19 23 22 20 22 22 22 20 20 22 22 22 22 22 23 23 23 22 22 22 22 22 22 20 20 22 26 26 22 22 22 24 22 23 24 23 24 26 22 23 22 22 23 22 23 22 20 20 23 22 23 24 22 23 22 23 23 23 23 22 22 20 20 20 20 22 22 23 24 23 22 22 22 22 20 22 22 22 20 19 19 22 23 22 20 16 20 20 20 22 22 22 23 22 20 22 20 22 22 22 20 20 19 20 22 22 19 20 20 20 20 19 20 20 20 20 20 22 20 19 19 20 20 19 20 19 19 19 22 22 22 20 20 22 22 20 20 22 22 22 22 24 27 29 30 30 26 24 22 23 26 29 29 29 30 30 31 34 31 33 33 33 33 34 33 33 34 34 34 34 34 36 36 34 36 36 36 36 36 37 37 36 37 36 37 36 36 36 37 36 37 37 38 37 36 36 36 38 37 37 37 37 36 37 38 37 37 37 37 36 36 37 37 36 37 37 36 36 37 37 36 36 37 36 36 34 36 37 36 37 36 36 36 36 36 36 37 36 37 36 36 37 37 36 37 38 37 37 37 37 37 38 38 38 37 37 37 37 38 36 36 37 38 37 37 37 37 37 38 38 40 38 38 37 38 38 38 38 37 37 38 38 38 38 38 38 38 40 38 38 38 38 38 40 38 41 40 40 40 40 41 41 40 38 38 38 40 40 40 40 40 38 40 40 40 41 40 40 40 41 40 40 40 40 38 40 38 40 40 38 40 40 38 40 40 38 38 38 38 40 38 40 40 40 40 40 40 41 40 38];
