%clear; close all;
t = [0 0 0 0 0 0 0 0 0 0 0 0 0 0 0 0 0 0 0 0 0 0 0 0 0 0 0 0 0 0 0 0 0 0 0 0 0 0 0 0 0 0 0 0 0 0 0 0 0 0 0 0 0 0 0 0 0 0 0 0 0 0 0 0 0 0 0 0 0 0 0 0 0 0 0 0 0 0 0 0 0 0 0 0 0 0 0 0 0 0 0 0 0 0 0 0 0 0 0 0 0 0 0 0 0 0 0 0 0 0 0 0 0 0 0 0 0 0 0 0 0 0 0 0 0 0 0 0 0 0 0 0 0 0 0 0 0 0 0 0 0 0 0 0 0 0 0 0 0 0 0 0 0 0 0 0 0 0 0 0 0 0 0 0 0 0 0 0 0 0 0 0 0 0 0 0 0 0 0 0 0 0 0 0 0 0 0 0 0 0 0 0 0 0 0 0 0 0 0 0 0 0 0 0 0 0 0 0 0 0 0 0 0 0 0 0 0 0 0 0 0 0 0 0 0 0 0 0 0 0 0 0 0 0 0 0 0 0 0 0 0 0 0 0 0 0 0 0 0 0 0 0 0 0 0 0 0 0 0 0 0 0 0 0 0 0 0 0 0 0 0 0 0 0 0 0 0 0 0 0 0 0 0 0 0 0 0 0 0];
x1 = [283 282 282 283 283 282 283 282 286 284 286 285 287 288 287 286 287 286 286 286 285 285 284 283 284 284 285 286 284 285 285 286 286 285 286 286 286 286 287 286 287 287 286 286 286 283 283 281 280 271 269 261 257 252 249 242 237 235 235 234 237 236 236 237 237 237 239 235 236 234 236 235 233 235 233 231 231 232 233 234 231 234 231 232 230 230 229 230 230 231 230 228 228 227 230 230 230 229 228 229 228 228 229 231 229 228 229 227 228 226 229 231 228 229 228 228 226 228 225 228 227 225 226 223 226 225 227 227 226 223 224 224 225 225 224 224 225 225 224 226 224 224 224 223 224 225 225 229 231 236 236 238 237 237 234 235 237 237 240 238 237 234 231 230 234 236 240 240 240 238 238 239 238 241 243 243 242 243 244 246 249 249 250 252 253 252 253 252 252 251 252 250 248 246 247 244 247 245 242 247 247 245 247 246 245 245 246 245 244 244 244 244 246 244 243 246 245 246 246 246 246 245 247 242 244 244 243 243 241 244 244 245 246 244 245 241 243 242 243 246 248 247 248 246 247 247 246 246 243 244 242 243 244 244 243 242 240 241 242 242 241 243 241 242 241 238 242 243 243 241 242 241 241 239 241 241 242 243 242 240 239 241 240 242 242 242 242 241 248];
x2 = [38 38 38 38 38 38 38 38 38 38 39 38 38 38 39 38 38 38 39 38 37 38 37 38 39 38 38 38 37 38 38 39 39 37 39 36 36 37 38 37 37 38 39 39 39 39 39 39 40 41 41 42 43 44 43 44 42 43 44 44 43 43 43 44 44 43 42 41 42 43 42 41 43 43 41 42 41 43 44 43 43 43 44 44 43 42 43 43 43 43 42 42 42 41 42 43 42 42 44 44 43 45 45 44 44 46 44 44 44 44 44 44 44 45 45 44 45 43 42 45 44 44 44 45 44 45 44 44 44 45 46 46 44 44 45 45 45 45 46 45 45 45 45 45 45 45 44 45 47 44 44 46 45 44 44 46 44 45 42 43 45 43 43 42 43 44 45 45 44 43 45 44 44 44 42 44 44 44 44 46 44 45 46 47 45 45 45 44 44 45 45 46 44 45 46 44 45 45 45 45 46 46 45 45 45 45 46 46 46 44 45 46 47 43 46 46 48 46 46 46 45 46 47 45 46 45 45 46 45 45 46 45 45 45 45 46 46 44 45 45 46 45 44 45 46 45 46 45 45 45 44 46 45 46 46 46 45 46 45 46 45 45 46 46 44 45 46 45 45 46 45 46 46 46 46 46 45 45 45 45 46 46 47 46 47 46 46 46 46];
x3 = [25 24 24 24 25 24 25 23 24 26 25 24 24 25 25 25 25 25 24 25 25 25 24 24 24 25 24 26 24 25 24 24 25 24 24 25 24 24 24 24 24 24 25 25 24 24 24 24 24 23 22 22 22 23 21 21 20 19 19 20 20 20 20 21 21 21 21 20 19 19 20 20 20 20 20 19 18 19 20 21 19 20 19 19 20 19 20 20 19 21 20 19 18 18 19 19 20 20 19 20 20 20 20 21 21 19 20 20 19 20 20 20 20 20 19 20 19 20 19 19 21 20 20 20 21 20 20 20 20 20 20 20 20 21 21 18 20 20 20 21 21 20 20 19 20 20 20 20 21 20 20 20 21 21 20 21 21 22 22 21 21 20 20 21 19 21 22 21 20 21 21 21 20 21 21 20 21 20 21 22 22 23 21 23 23 21 22 23 23 21 22 23 22 23 22 21 23 22 21 23 23 22 23 22 21 22 22 22 22 23 22 21 22 22 21 22 22 23 22 22 21 22 22 22 21 21 21 21 22 22 22 22 22 22 22 22 22 22 22 21 21 22 22 21 21 22 22 21 22 22 22 21 22 22 22 22 22 21 21 22 21 22 21 22 21 21 21 22 21 22 21 21 21 21 22 22 21 22 21 21 21 21 23 22 22 21 23 23 22];
x4 = [3.02326 3.25581 3.25581 3.24324 3.02326 3.25581 3.02326 3.4749 3.20611 2.7907 3.21839 3.21839 3.19392 2.96578 3.20611 2.98851 2.9771 2.98851 3.43511 2.98851 2.76923 3 3 3.24324 3.46154 3.01158 3.21839 2.76923 3 3 3.21839 3.43511 3.21839 2.98851 3.43511 2.52874 2.74809 2.9771 3.19392 2.9771 2.96578 3.19392 3.21839 3.21839 3.43511 3.4749 3.4749 3.50195 3.75 4.35484 4.61538 5.02092 5.3617 5.50218 5.78947 6.24434 6.08295 6.66667 6.94444 6.72897 6.35945 6.38889 6.38889 6.38889 6.38889 6.11111 5.77982 5.86047 6.35945 6.69767 6.11111 5.86047 6.47887 6.4186 5.91549 6.50943 6.47887 6.76056 6.76056 6.19718 6.79245 6.4486 7.07547 7.04225 6.57143 6.54028 6.60287 6.57143 6.82464 6.28571 6.28571 6.60287 6.85714 6.60287 6.54028 6.82464 6.28571 6.31579 7.17703 6.88995 6.63462 7.21154 7.17703 6.57143 6.63462 7.7512 6.88995 6.95652 7.17703 6.99029 6.88995 6.82464 6.92308 7.17703 7.46411 6.92308 7.53623 6.63462 6.69903 7.46411 6.69903 7.02439 6.99029 7.38916 6.73171 7.31707 6.95652 6.95652 6.99029 7.38916 7.64706 7.64706 7.02439 6.76471 7.0936 7.86408 7.31707 7.31707 7.64706 7.02439 7.0936 7.35294 7.35294 7.64706 7.35294 7.31707 7.02439 7.17703 7.42857 6.66667 6.66667 7.15596 6.66667 6.38889 6.72897 7.00935 6.38889 6.4186 5.50459 6.08295 6.66667 6.4486 6.54028 6.02871 6.69767 6.4186 6.33028 6.57534 6.54545 6.08295 6.63594 6.33028 6.6055 6.27273 5.67568 6.4574 6.24434 6.4574 6.18834 6.42857 5.81498 5.84071 6.55022 6.28821 5.73913 6.23377 5.97403 5.50218 5.50218 6.26087 6 6.0793 5.84071 5.91928 6.4 6.18834 5.89286 6.18834 6.51584 5.89286 6.16071 6.4574 5.89286 6.16071 6.42857 6.18834 6.42857 6.4574 6.48649 5.70136 6.21622 6.72646 6.69643 5.67568 6.75676 6.42857 6.99552 6.18834 6.42857 6.42857 6.4 6.4574 6.66667 6.27273 6.72646 6.4574 6.48649 6.75676 6.30137 6.21622 6.48649 6.18834 6.16071 6.21622 6.18834 6.57534 6.51584 6 6.24434 6.4 6.60793 6.13333 5.84071 6.4 6.63717 6.13333 6.42857 6.4 6.24434 6.21622 6 6.75676 6.21622 6.48649 6.51584 6.54545 6.33028 6.81818 6.51584 6.54545 6.54545 6.24434 6.81818 6.54545 6.27273 6.63594 6.78733 6.24434 6.48649 6.57534 6.51584 6.81818 6.81818 6.88073 6.57534 6.57534 6.51584 6.24434 6.51584 6.57534 6.88073 6.81818 6.63594 6.54545 6.81818 6.78733 6.30137 6.33028 6.37168];
