t = [0 0 0 0 0 0 0 0 0 0 0 0 0 0 0 0 0 0 0 0 0 0 0 0 0 0 0 0 0 0 0 0 0 0 0 0 0 0 0 0 0 0 0 0 0 0 0 0 0 0 0 0 0 0 0 0 0 0 0 0 0 0 0 0 0 0 0 0 0 0 0 0 0 0 0 0 0 0 0 0 0 0 0 0 0 0 0 0 0 0 0 0 0 0 0 0 0 0 0 0 0 0 0 0 0 0 0 0 0 0 0 0 0 0 0 0 0 0 0 0 0 0 0 0 0 0 0 0 0 0 0 0 0 0 0 0 0 0 0 0 0 0 0 0 0 0 0 0 0 0 0 0 0 0 0 0 0 0 0 0 0 0 0 0 0 0 0 0 0 0 0 0 0 0 0 0 0 0 0 0 0 0 0 0 0 0 0 0 0 0 0 0 0 0 0 0 0 0 0 0 0 0 0 0 0 0 0 0 0 0 0 0 0 0 0 0 0 0 0 0 0 0 0 0 0 0 0 0 0 0 0 0 0 0 0 0 0 0 0 0 0 0 0 0 0 0 0 0 0 0 0 0 0 0 0 0 0 0 0 0 0 0 0 0 0 0 0 0 0 0 0 0 0 0 0 0 0 0 0 0 0 0];
x1 = [231 229 230 230 230 229 228 227 226 227 226 225 226 224 223 220 223 221 223 225 221 221 222 220 220 221 220 220 221 223 223 223 221 224 223 222 223 223 222 224 225 226 226 226 228 226 226 226 228 230 229 229 231 230 228 231 230 231 229 230 230 229 229 226 228 227 229 228 227 228 228 229 230 229 228 228 228 228 228 228 228 227 228 228 228 226 227 227 225 226 225 226 224 225 226 226 226 226 227 228 227 226 226 225 225 225 227 228 225 225 223 226 224 223 224 225 223 224 224 225 222 225 225 224 226 225 225 223 224 223 224 224 223 224 227 223 226 226 223 221 223 222 220 220 217 218 214 217 216 215 214 215 216 216 216 216 217 215 217 219 220 220 221 221 222 226 225 223 224 225 223 222 222 220 222 223 222 222 223 222 223 224 224 223 223 224 224 225 225 226 225 225 226 218 218 224 223 221 222 223 223 222 220 222 220 220 220 220 220 222 222 222 221 221 221 221 220 222 222 223 223 225 222 223 224 221 222 223 224 223 223 222 225 223 223 224 224 223 222 223 225 223 223 222 223 224 224 223 223 223 223 222 222 222 222 222 222 223 222 222 223 222 222 223 221 221 221 220 220 218 218 218 217 218 218 216 219 219 220 221 224 225];
x2 = [33 32 33 32 33 34 33 33 32 34 33 34 34 32 33 34 34 32 34 33 33 33 32 32 32 33 32 32 33 32 32 33 32 33 33 33 33 32 32 33 33 33 31 32 30 32 32 32 32 33 32 32 31 31 32 31 30 32 31 32 31 30 30 31 29 30 33 33 32 32 32 32 32 32 32 31 33 33 33 33 33 32 33 32 32 33 33 32 33 32 32 34 32 33 33 33 31 32 33 32 32 32 33 32 31 32 33 33 33 33 32 34 33 34 34 32 32 34 32 34 32 34 34 33 32 32 33 33 33 32 32 32 32 32 31 33 33 32 31 32 33 31 33 31 32 33 32 31 31 32 32 33 34 32 33 33 32 32 33 33 33 33 34 34 33 34 33 33 34 33 33 33 33 33 32 32 32 33 34 32 33 33 33 32 32 32 33 32 34 33 33 32 32 28 32 33 32 32 32 34 33 33 32 34 33 33 33 33 33 34 34 32 32 32 32 31 32 33 31 33 31 32 33 33 32 30 31 32 31 31 31 33 33 31 31 31 31 31 32 31 32 32 31 31 30 31 31 31 32 33 31 31 31 31 32 32 32 32 32 32 33 32 33 33 31 31 31 32 32 32 33 32 32 32 32 33 32 33 33 34 33 33];
x3 = [12 13 12 12 12 13 13 13 12 13 12 12 13 12 12 11 12 13 12 12 12 12 12 13 11 12 12 12 11 12 11 12 12 11 12 11 11 12 11 12 13 12 12 13 12 12 12 11 12 12 13 11 12 12 12 12 12 13 13 12 12 12 11 13 12 12 12 13 11 13 12 12 12 13 12 13 13 12 12 12 11 12 12 12 12 12 12 13 12 12 12 13 12 12 12 13 11 12 12 13 12 12 13 13 12 12 13 13 12 12 11 13 12 13 13 12 12 11 12 12 12 11 12 13 12 12 13 12 13 13 11 13 11 12 12 11 11 13 11 11 13 12 13 11 12 11 11 11 11 10 12 10 10 11 12 11 11 11 12 12 12 12 13 12 12 13 13 12 12 13 13 11 12 13 11 12 13 11 13 12 12 12 12 13 12 11 12 11 12 13 12 12 13 12 9 10 13 11 12 12 11 12 12 11 12 11 12 11 11 12 13 12 12 11 11 12 11 12 11 11 11 11 11 12 12 13 11 11 12 11 13 12 13 13 11 11 12 12 11 11 12 12 12 11 11 12 13 11 12 12 12 11 12 11 11 12 11 12 13 12 12 12 13 12 13 12 12 11 12 11 11 11 12 12 12 11 12 11 12 13 13 13];
x4 = [5.75342 5.27778 5.77982 5.50459 5.77982 5.83333 5.5814 5.60748 5.60748 5.88785 5.88785 6.19718 5.91549 5.66038 5.97156 6.60287 6.25592 5.48077 6.25592 5.91549 6.02871 6.02871 5.71429 5.50725 6.02871 6.02871 5.76923 5.76923 6.28571 5.6872 5.9434 5.97156 5.74163 6.19718 5.97156 6.25592 6.22642 5.6872 5.97156 5.9434 5.66038 5.88785 5.3271 5.35211 5 5.60748 5.60748 5.86047 5.55556 5.77982 5.27778 5.77982 5.20548 5.22936 5.55556 5.20548 4.95413 5.22936 5 5.50459 5.22936 4.97696 5.22936 5.07042 4.72222 5.02326 5.80645 5.5814 5.83333 5.30233 5.55556 5.52995 5.50459 5.27778 5.55556 5.02326 5.5814 5.83333 5.83333 5.83333 6.08295 5.5814 5.83333 5.55556 5.55556 5.88785 5.86047 5.3271 5.91549 5.60748 5.6338 5.91549 5.66038 5.91549 5.88785 5.6338 5.5814 5.60748 5.86047 5.30233 5.5814 5.60748 5.6338 5.37736 5.35211 5.6338 5.60748 5.5814 5.91549 5.91549 5.9434 5.91549 5.9434 6 5.97156 5.6338 5.6872 6.47887 5.66038 6.19718 5.71429 6.4486 6.19718 5.6872 5.60748 5.6338 5.66038 5.97156 5.6872 5.42857 5.91549 5.40284 5.9434 5.66038 5.30233 6.22642 6.13953 5.35211 5.66038 6 5.71429 5.42857 5.7971 5.74163 5.85366 6.37681 6.2069 5.82524 5.85366 6.43902 5.94059 6.73171 6.99029 6.14634 6.17647 6.43902 6.1165 6.17647 6.14634 6.08696 6.05769 6.05769 6.05769 6.31579 6 5.91549 5.66038 5.97156 6.22642 5.66038 5.71429 6.25592 6 5.7971 5.97156 5.6872 5.45455 6.25592 6 5.71429 5.97156 5.9434 5.9434 5.42857 5.6872 5.91549 5.9434 5.88785 6.19718 5.6338 5.91549 5.6338 5.35211 4.66019 6.60287 6.4486 5.42857 6 5.71429 6.25592 6.22642 6 5.76923 6.54028 6.05769 6.31579 6.05769 6.31579 6.31579 6.28571 6.02871 5.71429 5.74163 6 6 5.45455 6.02871 6 5.6872 6.22642 5.66038 5.88785 6.25592 5.97156 5.66038 4.90385 5.6872 5.9434 5.37736 5.66038 5.14286 6 5.66038 5.14286 5.66038 5.6338 5.37736 5.40284 5.97156 5.66038 5.6338 5.6872 5.40284 5.6872 5.37736 5.37736 5.11848 5.66038 5.6872 5.97156 5.40284 5.6872 5.42857 5.6872 5.97156 5.71429 5.97156 5.6872 5.45455 5.71429 5.97156 5.71429 5.74163 5.97156 5.19231 5.45455 5.45455 6.02871 5.76923 6.08696 6.37681 6.08696 5.85366 5.82524 5.82524 6.43902 5.7971 6.34615 6.05769 6.05769 5.6872 5.66038];
