t = [2.3 1.2];
x1 = [3.23 2.4];
x2 = [4 10.1];
x3 = [5.1 7.7];
