t = [0 0 0 0 0 0 0 0 0 0 0 0 0 0 0 0 0 0 0 0 0 0 0 0 0 0 0 0 0 0 0 0 0 0 0 0 0 0 0 0 0 0 0 0 0 0 0 0 0 0 0 0 0 0 0 0 0 0 0 0 0 0 0 0 0 0 0 0 0 0 0 0 0 0 0 0 0 0 0 0 0 0 0 0 0 0 0 0 0 0 0 0 0 0 0 0 0 0 0 0 0 0 0 0 0 0 0 0 0 0 0 0 0 0 0 0 0 0 0 0 0 0 0 0 0 0 0 0 0 0 0 0 0 0 0 0 0 0 0 0 0 0 0 0 0 0 0 0 0 0 0 0 0 0 0 0 0 0 0 0 0 0 0 0 0 0 0 0 0 0 0 0 0 0 0 0 0 0 0 0 0 0 0 0 0 0 0 0 0 0 0 0 0 0 0 0 0 0 0 0 0 0 0 0 0 0 0 0 0 0 0 0 0 0 0 0 0 0 0 0 0 0 0 0 0 0 0 0 0 0 0 0 0 0 0 0 0 0 0 0 0 0 0 0 0 0 0 0 0 0 0 0 0 0 0 0 0 0 0 0 0 0 0 0 0 0 0 0 0 0 0 0 0 0 0 0 0 0 0 0 0 0 0 0 0 0 0 0 0 0 0 0 0 0 0 0 0 0 0 0 0 0 0 0 0 0 0 0 0 0 0 0 0 0 0 0 0 0 0 0 0 0 0 0 0 0 0 0 0 0 0 0 0 0 0 0 0 0 0 0 0 0 0 0 0 0 0 0 0 0 0 0 0 0 0 0 0 0 0 0 0 0 0 0 0 0 0 0 0 0 0 0 0 0 0 0 0 0 0 0 0 0 0 0 0 0 0 0 0 0 0 0 0 0 0 0 0 0 0 0 0 0 0 0 0 0 0 0 0 0 0 0 0 0 0 0 0 0 0 0 0];
x1 = [15 16 15 16 15 16 16 16 16 15 14 16 16 16 15 15 15 16 15 16 15 15 15 16 16 14 15 16 15 15 15 15 14 16 16 15 15 15 15 16 15 15 15 14 14 12 14 15 15 14 14 15 16 17 17 19 20 19 19 16 15 15 12 10 8 10 12 20 24 24 25 26 25 26 28 30 33 37 39 38 38 39 39 42 42 42 42 41 42 42 42 42 42 42 43 43 42 42 42 42 42 41 41 41 42 42 41 42 42 41 42 42 42 42 42 42 41 42 42 42 42 42 42 42 42 42 42 42 42 42 42 42 42 42 43 42 42 42 42 42 42 42 42 42 42 41 41 39 38 39 37 38 41 39 39 39 29 16 17 15 16 17 16 16 20 17 16 15 15 15 15 17 17 16 16 16 17 17 17 15 17 17 17 16 17 17 19 17 17 16 17 17 17 17 17 17 17 17 17 17 17 17 17 17 17 17 17 16 15 14 12 8 5 5 3 3 3 6 5 5 3 2 2 2 3 2 2 5 3 3 5 6 7 10 10 11 11 12 14 15 15 16 17 17 16 17 19 21 21 25 26 30 33 37 38 35 37 35 38 37 38 37 38 37 37 38 38 37 37 38 38 37 37 38 38 38 38 38 38 37 39 37 38 38 38 38 37 38 38 37 39 38 39 38 38 37 38 38 39 37 38 38 37 38 38 37 38 35 32 30 29 26 23 19 15 11 10 6 5 3 2 1 0 1 1 0 0 0 0 0 0 0 0 0 0 0 0 0 0 0 0 0 0 0 0 0 1 0 0 0 0 0 1 1 0 0 0 0 0 0 0 0 1 1 1 2 1 3 3 5 6 6 8 8 10 11 11 14 15 19 19 21 25 28 28 29 30 32 33 33 35 38 38 38 39 38 38 38 38 37 39 38 38 37 38 38 38 39 39 39 41 39 41 41 41 41 42 41 41 41 41];
x2 = [27 27 27 25 27 27 25 27 27 27 25 27 25 27 27 25 25 27 27 27 25 27 27 27 27 25 27 27 27 27 25 25 27 27 27 25 27 27 27 28 28 28 28 25 25 24 25 25 25 24 24 24 25 27 28 29 30 29 29 25 27 22 22 17 16 14 9 16 19 21 22 23 22 24 24 27 29 32 34 35 33 34 35 37 38 38 37 37 37 38 37 37 37 37 37 38 37 37 37 38 37 37 35 37 38 38 38 38 38 37 38 37 37 38 37 38 37 38 38 37 38 38 37 38 38 37 37 37 37 37 38 38 38 37 37 38 38 37 37 38 37 38 37 38 38 37 35 35 33 33 32 34 35 33 34 33 24 12 27 25 27 28 27 28 29 28 27 24 25 25 27 28 28 29 28 28 28 29 28 27 28 29 29 28 27 28 28 29 28 29 29 29 30 28 28 28 28 28 29 29 28 28 28 29 28 28 27 25 24 24 18 14 9 6 4 4 3 4 4 4 3 2 2 3 3 3 3 2 3 3 4 6 6 8 9 9 9 11 12 13 13 14 14 14 14 16 17 18 19 22 23 27 29 33 33 32 32 32 33 33 34 33 34 33 33 34 34 33 33 33 33 33 33 34 33 34 33 33 33 33 33 33 33 34 33 34 33 34 33 34 35 33 34 34 34 33 35 33 33 33 34 34 33 33 34 33 33 30 29 27 25 22 19 14 13 9 8 6 3 3 2 2 1 1 1 0 1 1 0 0 0 0 0 0 0 1 0 0 1 0 0 0 1 0 0 0 1 0 0 0 0 1 1 1 0 1 1 1 1 1 0 1 1 1 1 2 2 3 3 4 6 6 7 7 8 9 11 12 13 16 17 18 22 25 25 25 25 28 28 29 32 34 34 34 35 35 34 34 34 34 35 34 35 33 35 34 35 35 34 35 35 34 35 35 37 37 37 35 37 35 37];
x3 = [17 14 17 11 14 14 17 17 14 14 14 14 11 14 14 14 17 14 14 17 14 14 14 14 17 11 11 14 17 17 14 11 17 14 17 14 14 14 17 14 17 14 14 14 8 11 17 14 14 11 11 11 17 17 17 17 19 17 19 14 14 14 8 8 11 11 17 22 22 25 22 25 25 25 28 28 34 34 36 39 36 36 39 39 39 39 39 39 39 39 39 39 39 36 39 42 36 39 39 39 39 39 36 36 39 39 39 39 39 39 39 39 39 39 39 39 39 39 39 39 39 39 36 42 39 39 39 39 39 39 39 39 39 39 39 39 36 39 39 39 39 39 39 39 39 36 39 36 34 36 34 36 39 34 36 36 31 22 14 11 17 17 17 19 17 17 14 14 14 14 14 17 14 14 14 17 17 17 14 14 14 14 14 17 14 14 14 17 14 17 17 14 11 17 14 14 17 14 14 14 14 14 17 14 17 17 17 14 14 11 14 8 8 5 5 8 5 5 5 5 0 0 2 2 2 2 2 2 2 5 5 2 5 8 11 8 14 11 14 11 14 14 17 14 17 19 19 19 17 22 22 25 28 34 34 31 31 34 34 34 36 31 34 34 34 36 34 34 34 34 34 36 34 34 34 34 34 34 34 34 31 28 34 36 34 34 34 36 31 34 36 36 34 34 36 34 34 34 34 34 36 34 34 34 34 34 34 31 25 28 25 22 19 17 14 11 11 5 2 2 2 0 0 0 0 0 0 0 0 0 0 0 0 0 0 0 0 0 0 0 0 0 0 0 0 0 0 0 0 0 0 0 0 0 0 0 0 0 0 0 0 0 0 0 0 2 0 0 2 2 5 5 5 8 11 11 11 14 14 17 19 19 22 28 28 28 25 31 31 31 34 36 36 36 36 34 34 36 36 34 36 36 36 34 36 36 34 36 34 36 36 36 39 34 39 39 39 36 39 36 36];
x4 = [130 110.769 130 98.5714 115.385 110.769 126.667 125.455 110.769 115.385 120 110.769 98.5714 110.769 115.385 114.545 132 110.769 115.385 125.455 114.545 115.385 115.385 110.769 125.455 107.143 105 110.769 130 130 114.545 102.857 133.846 110.769 125.455 114.545 115.385 115.385 130 111.429 129.231 115.714 115.714 120 98.8235 115.385 136.364 114.545 114.545 106.154 106.154 101.538 126.667 120 120 110 114.545 110 120 109.091 115.385 112.5 102.857 106.667 142.5 135 262.5 280 324 285 0 320 300 330 300 340 288 336 336 285 324 336 300 336 345 345 336 330 336 345 336 336 336 10 340 312 10 336 336 345 336 330 350 12 345 345 340 345 345 330 345 336 336 345 336 345 330 345 345 336 345 345 10 300 345 336 336 336 336 336 345 345 345 336 340 345 20 336 336 345 336 345 336 345 345 12 320 345 348 330 336 330 320 350 336 330 282.857 264 106.154 102.857 125.455 120 125.455 135 105 120 110.769 114 114.545 114.545 115.385 120 107.143 112 111.429 125 120 120 107.143 115.385 107.143 108 108 125 106.154 107.143 98.5714 120 107.143 124.615 120 108 101.053 120 107.143 107.143 120 107.143 108 108 107.143 107.143 120 108 120 120 120 109.091 114 106.154 140 120 165 120 210 228 240 330 300 300 60 60 0 120 60 120 120 0 60 240 300 60 30 0 270 20 264 0 300 30 330 0 300 0 280 260 300 340 30 0 15 24 12 345 348 15 10 320 348 345 330 20 0 345 345 330 0 345 345 348 348 315 345 0 348 0 348 348 348 345 15 33.3333 348 330 348 0 345 330 17.1429 0 345 324 0 0 330 345 15 348 350 345 330 0 345 348 0 345 348 348 34.2857 340 0 0 0 324 330 300 280 60 20 60 0 90 120 60 60 0 120 120 0 0 0 0 0 0 0 120 0 0 120 0 0 0 120 0 0 0 60 0 0 0 0 120 60 60 0 120 120 120 120 120 0 120 60 60 60 0 90 60 60 40 60 60 40 300 280 300 0 300 330 340 300 340 0 300 300 315 0 315 324 330 320 330 330 330 345 15 0 330 330 0 345 330 340 345 340 330 15 345 0 345 350 336 320 8.57143 330 330 336 350 330 350 12];
