t = [0 0 0 0 0 0 0 0 0 0 0 0 0 0 0 0 0 0 0 0 0 0 0 0 0 0 0 0 0 0 0 0 0 0 0 0 0 0 0 0 0 0 0 0 0 0 0 0 0 0 0 0 0 0 0 0 0 0 0 0 0 0 0 0 0 0 0 0 0 0 0 0 0 0 0 0 0 0 0 0 0 0 0 0 0 0 0 0 0 0 0 0 0 0 0 0 0 0 0 0 0 0 0 0 0 0 0 0 0 0 0 0 0 0 0 0 0 0 0 0 0 0 0 0 0 0 0 0 0 0 0 0 0 0 0 0 0 0 0 0 0 0 0 0 0 0 0 0 0 0 0 0 0 0 0 0 0 0 0 0 0 0 0 0 0 0 0 0 0 0 0 0 0 0 0 0 0 0 0 0 0 0 0 0 0 0 0 0 0 0 0 0 0 0 0 0 0 0 0 0 0 0 0 0 0 0 0 0 0 0 0 0 0 0 0 0 0 0 0 0 0 0 0 0 0 0 0 0 0 0 0 0 0 0 0 0 0 0 0 0 0 0 0 0 0 0 0 0 0 0 0 0 0 0 0 0 0 0 0 0 0 0 0 0 0 0 0 0 0 0 0 0 0 0 0 0 0 0 0 0 0 0 0 0 0 0 0 0 0 0 0 0 0 0 0 0 0 0 0 0 0 0 0 0 0 0 0 0 0 0 0 0 0 0 0 0 0 0 0 0 0 0 0 0 0 0 0 0 0 0 0 0 0 0 0 0 0 0 0 0 0 0 0 0 0 0 0 0 0 0 0 0 0 0 0 0 0 0 0 0 0 0 0 0 0 0 0 0 0 0 0 0 0 0 0 0 0 0 0 0 0 0 0 0 0 0 0 0 0 0 0 0 0 0 0 0 0 0 0 0 0 0 0 0 0 0 0 0 0 0 0 0 0 0 0 0 0 0 0 0 0];
x1 = [24 24 22 23 22 23 23 23 22 21 22 22 22 22 22 22 23 22 22 22 22 22 23 23 23 21 22 23 22 22 23 22 23 22 22 23 22 22 23 23 22 22 22 20 20 21 21 20 20 22 19 19 20 20 21 23 22 20 20 16 14 11 9 8 8 8 9 11 12 17 24 27 30 32 34 37 40 42 41 41 40 42 43 44 45 44 43 43 45 44 43 44 42 44 44 43 44 45 44 44 44 44 43 44 43 44 44 44 44 43 44 44 44 44 44 44 44 45 43 43 44 44 44 43 43 44 45 43 44 44 44 44 44 44 43 43 44 44 44 44 43 44 43 43 43 42 42 41 42 39 39 40 41 39 20 20 18 19 21 20 22 23 23 22 22 18 17 17 19 20 20 20 20 20 20 21 21 21 20 20 21 21 21 21 21 21 21 21 21 21 21 21 21 21 21 21 21 21 21 22 21 21 21 21 21 22 21 21 19 20 19 18 12 8 5 3 1 1 2 3 3 3 2 3 4 3 3 4 4 4 7 7 9 10 11 13 15 16 16 17 18 19 20 20 21 23 23 25 27 30 31 38 44 44 43 41 43 44 43 44 44 44 44 45 44 45 45 44 43 44 44 44 43 44 45 45 44 44 44 44 44 44 45 44 44 44 45 44 45 44 44 43 43 44 44 44 45 45 44 45 43 44 44 45 45 44 44 44 43 43 43 42 35 30 23 15 11 6 5 2 1 0 0 0 0 0 0 0 0 0 0 0 0 0 0 0 0 0 0 0 0 0 0 0 0 0 0 0 0 0 0 0 0 0 0 0 0 0 0 0 0 0 0 1 1 2 3 4 5 7 8 10 11 13 15 17 20 23 27 30 34 41 43 41 40 40 42 42 43 42 43 42 43 44 44 44 44 42 43 44 43 43 42 42 43 42 44 43 43 44 45 42 44 44 45 45 45 45 44 46 45];
x2 = [35 34 34 34 34 34 34 33 33 33 33 34 34 34 33 34 34 33 34 33 33 34 33 33 33 33 34 34 34 33 34 33 35 33 34 34 33 33 34 34 33 33 33 32 32 32 31 30 31 31 28 30 31 31 32 32 33 33 29 27 25 20 17 15 14 13 14 8 8 12 17 21 24 25 28 30 32 33 32 32 32 33 34 34 35 34 35 34 35 35 35 35 34 35 34 34 34 35 34 34 34 35 34 35 35 35 34 35 34 34 35 34 35 35 35 35 35 34 34 34 35 35 35 34 34 35 35 35 35 35 35 34 35 35 34 35 35 34 34 34 34 34 34 34 34 33 33 32 32 31 30 32 32 31 10 20 29 30 32 29 33 33 32 32 33 30 27 26 28 30 31 31 31 31 31 32 32 32 32 32 32 32 32 32 32 32 32 32 31 32 32 32 32 32 32 31 32 32 32 32 32 32 32 32 32 32 32 31 29 28 28 25 20 15 8 5 3 2 3 2 3 4 3 3 4 3 4 3 4 4 6 7 8 9 10 11 12 13 14 16 16 16 16 17 17 19 19 21 23 25 25 31 36 36 35 35 35 36 36 37 36 36 36 36 37 36 36 37 36 36 36 37 36 36 36 37 36 36 36 36 36 36 37 36 36 37 37 36 37 37 36 36 36 36 37 37 37 37 36 36 35 36 36 37 37 37 36 35 35 34 35 32 26 23 17 11 8 5 4 3 2 1 1 0 0 0 0 0 0 0 0 0 0 0 0 0 0 0 0 0 0 0 0 0 0 0 0 0 0 0 0 0 0 0 0 0 0 0 0 0 1 0 0 2 1 2 3 3 5 6 6 8 8 10 12 14 16 19 21 24 27 33 35 34 32 32 34 35 36 35 35 35 35 36 36 35 36 35 35 36 36 36 34 34 36 35 35 35 36 36 36 35 36 37 37 37 36 37 37 37 37];
x3 = [22 24 24 22 22 22 24 22 22 22 22 22 22 22 22 22 22 22 22 22 22 24 22 24 22 22 22 22 24 22 22 22 22 22 24 22 22 22 22 24 22 22 21 21 19 21 22 21 22 21 21 22 22 22 24 25 22 22 22 19 12 14 11 11 8 11 14 18 17 19 25 27 28 31 32 35 37 38 39 38 38 39 41 39 41 41 41 39 41 39 41 39 41 41 39 39 41 41 41 41 41 41 41 39 41 42 41 41 39 39 41 41 39 41 41 41 39 39 41 39 41 41 39 41 41 39 41 41 42 41 41 41 42 41 39 42 41 39 41 41 41 39 41 42 39 39 39 38 38 37 34 38 37 37 22 28 19 21 21 19 25 27 27 27 25 22 18 19 19 22 22 21 22 22 22 22 24 24 24 22 24 24 24 22 22 22 25 24 24 24 24 24 24 24 24 24 24 22 24 22 24 24 22 22 24 22 24 21 22 22 19 21 14 9 7 2 2 4 5 5 4 5 4 2 4 4 4 5 4 4 5 7 8 11 11 14 14 15 17 15 17 18 19 19 19 22 24 25 27 29 29 37 41 41 41 39 41 41 41 42 42 41 41 42 42 41 41 42 41 42 41 41 41 42 42 42 41 41 42 42 42 42 42 41 41 42 42 41 41 42 41 42 42 42 41 42 42 42 41 42 41 42 41 41 42 42 41 39 39 39 41 39 32 28 24 14 9 5 4 4 2 1 1 1 0 0 0 0 0 0 0 0 0 0 0 0 0 0 0 0 0 0 0 0 0 0 0 1 0 0 0 0 0 0 1 1 0 0 0 0 0 1 1 2 1 1 5 5 5 7 8 9 11 14 15 18 21 24 25 29 32 39 41 39 38 38 41 41 41 39 41 38 39 42 42 42 42 39 41 41 42 41 41 41 41 41 41 41 41 42 42 39 41 42 41 44 44 42 42 42 42];
x4 = [110.769 120 130 115 120 115 125.455 114.545 120 125 120 120 120 120 120 120 115 120 120 120 120 130 114.545 126 114.545 125 120 115 130 120 115 120 115.385 120 130 115 120 120 115 125.455 120 120 115 125 115.385 120 126 126 130.909 114 133.333 136.364 130.909 130.909 136.364 133.333 120 129.231 133.333 136.364 110.769 140 135 145.714 120 156 180 258 266.667 282.857 292.5 300 320 308.571 320 317.143 322.5 326.667 313.333 320 315 320 313.333 330 324 318 315 326.667 324 333.333 315 333.333 307.5 320 330 326.667 318 324 318 318 318 320 313.333 333.333 315 313.333 318 320 330 326.667 320 318 333.333 320 320 320 333.333 332.727 313.333 326.667 320 320 333.333 313.333 313.333 333.333 324 315 313.333 320 320 318 313.333 320 326.667 307.5 320 330 318 318 313.333 330 313.333 306.667 326.667 320 320 320 324 315 333.333 315 326.667 315 290 240 125.455 130.909 120 114 136.364 144 146.667 150 136.364 140 126 133.333 120 132 130.909 125.455 130.909 130.909 130.909 125.455 136.364 136.364 140 130 136.364 136.364 136.364 125.455 125.455 125.455 141.818 136.364 138 136.364 136.364 136.364 136.364 136.364 136.364 138 136.364 125.455 136.364 120 136.364 136.364 125.455 125.455 136.364 120 136.364 120 138 135 120 145.714 135 128.571 160 100 150 220 220 260 240 210 210 60 0 240 180 270 0 0 30 0 0 270 300 280 320 320 280 30 330 320 315 320 330 315 288 300 300 312 320 308.571 322.5 322.5 315 320 315 322.5 317.143 317.143 315 322.5 322.5 320 317.143 326.667 326.667 317.143 317.143 315 322.5 325.714 317.143 315 320 322.5 322.5 322.5 315 315 315 315 322.5 322.5 322.5 317.143 322.5 322.5 330 317.143 322.5 308.571 308.571 315 325.714 317.143 322.5 322.5 322.5 320 315 315 322.5 330 322.5 317.143 322.5 333.333 330 326.667 315 318 320 317.143 291.429 315 340 0 0 210 180 180 180 240 0 0 0 0 0 0 0 0 0 0 0 0 0 0 0 0 0 0 0 0 0 0 0 240 0 0 0 0 0 0 240 240 0 0 0 0 120 240 240 180 0 60 240 270 0 300 300 330 300 285 300 285 288 288 320 310 317.143 315 315 317.143 315 315 307.5 308.571 317.143 325.714 315 334.286 330 315 315 313.333 315 325.714 315 322.5 308.571 317.143 307.5 307.5 317.143 308.571 320 315 317.143 315 320 325.714 322.5 317.143 330 307.5 306.667 322.5 317.143 326.667 322.5];
