t = [0 0.0369027 0.0701906 0.101313 0.132238 0.162406 0.196546 0.228621 0.258742 0.290791 0.324734 0.354919 0.389812 0.42002 0.450038 0.483695 0.514672 0.551356 0.58457 0.614561 0.644862 0.674778 0.704893 0.7382 0.769109 0.802307 0.839377 0.869352 0.904742 0.939013 0.969053 1.00189 1.03562 1.06806 1.09872 1.1343 1.1651 1.19826 1.22879 1.26006 1.2911 1.32323 1.35597 1.388 1.42013 1.45292 1.48619 1.51631 1.55031 1.58264 1.61539 1.64636 1.68017 1.713 1.78303 1.83802 1.88102 1.93127 1.97949 2.0099 2.04074 2.07286 2.10611 2.14006 2.17299 2.21176 2.24172 2.27268 2.30307 2.33241 2.36361 2.39559 2.42566 2.45602 2.48641 2.51875 2.55625 2.59018 2.62029 2.65327 2.68479 2.7212 2.75503 2.79073 2.82202 2.85214 2.88639 2.91914 2.95669 2.98997 3.02219 3.05251 3.08254 3.11388 3.14985 3.18229 3.21194 3.24198 3.27201 3.30276 3.33505 3.36813 3.40934 3.44008 3.47029 3.50073 3.53287 3.56663 3.60323 3.63624 3.6691 3.70502 3.73902 3.77198 3.80456 3.83681 3.87003 3.90205 3.93273 3.96483 3.99782 4.02834 4.05872 4.09125 4.13201 4.16682 4.20433 4.235 4.26617 4.29823 4.33294 4.36512 4.39757 4.42875 4.45889 4.48919 4.51972 4.55112 4.58567 4.61536 4.64898 4.67985 4.71105 4.743 4.77888 4.80888 4.83908 4.87204 4.90188 4.93238 4.96616 5.00394 5.03574 5.06915 5.10217 5.13326 5.1649 5.19886 5.23178 5.26236 5.29533 5.33029 5.36371 5.3957 5.42888 5.46197 5.49219 5.52287 5.55286 5.58434 5.61461 5.64878 5.68067 5.71563 5.74901 5.78471 5.81564 5.84869 5.88278 5.91228 5.94289 5.9803 6.01051 6.04397 6.07626 6.10635 6.1427 6.18065 6.21221 6.2426 6.2724 6.30239 6.3332 6.36511 6.3991 6.42983 6.46038 6.49303 6.52494 6.55634 6.59026 6.62557 6.65619 6.69203 6.72638 6.76486 6.79861 6.83293 6.86299 6.895 6.93373 6.96574 7.00013 7.03103 7.06201 7.09684 7.13386 7.16324 7.19683 7.22781 7.25906 7.28893 7.3181 7.34755 7.37895 7.41022 7.44041 7.47074 7.5008 7.53037 7.56038 7.5902 7.62007 7.65 7.68029 7.71015 7.7401 7.7707 7.80052 7.83006 7.85927 7.89166 7.92183 7.95173 7.98453 8.01498 8.04769 8.08136 8.11186 8.1418 8.17627 8.21297 8.24224 8.27185 8.30199 8.3318 8.36149 8.3909 8.42079 8.45093 8.48077 8.51089 8.54039 8.5703 8.59994 8.63017 8.66035 8.69005 8.72361 8.75434 8.78472 8.81689 8.84891 8.87918 8.91211 8.94185 8.97189 9.00172 9.03168 9.06194 9.09198 9.12138 9.15172 9.18441 9.21478 9.24454 9.2746 9.30454 9.33484 9.36468 9.39457 9.42452 9.45461 9.48462 9.51464 9.54509 9.57502 9.60439 9.63486 9.66492 9.69506 9.72497 9.75482 9.78433 9.81468 9.84526 9.87504 9.9047 9.93469 9.96494 9.99569 10.0253 10.0553 10.0853 10.115 10.1448 10.1779 10.2088 10.2388 10.2687 10.2988 10.3289 10.3587 10.3889 10.4211 10.4522 10.4817 10.5119 10.542 10.572 10.6011 10.6308 10.6603 10.6903 10.72 10.7493 10.7787 10.8093 10.8399 10.8702 10.9008 10.9311 10.9607 10.9907 11.0204 11.0504 11.0803 11.1102 11.1401 11.1702 11.1998 11.2343 11.2639 11.2948 11.3244 11.3546 11.3849 11.4148 11.4446 11.4745 11.5047 11.5349 11.5646 11.5946 11.6246 11.6565 11.6876 11.7175 11.7473 11.7763 11.8056 11.8356 11.8654 11.8962 11.9258 11.956 11.9855 12.0153 12.0462 12.0757 12.1051 12.135 12.1651 12.1951 12.2249 12.2547 12.2846 12.3146 12.3449 12.375 12.4053 12.4352 12.4651 12.4949 12.5247 12.5549 12.5844 12.6149 12.6448 12.6747 12.7048 12.7346 12.7647 12.7955 12.825 12.855 12.8849 12.9157 12.9453 12.9748 13.0124 13.0418 13.0748 13.105 13.1351 13.1669 13.1973 13.2276 13.2574 13.2868 13.3191 13.3524 13.3846 13.4159 13.4461 13.4758 13.5057 13.5362 13.5661 13.5999 13.6308 13.66 13.6901 13.7239 13.7547 13.7854 13.8151 13.8501 13.8801 13.9103 13.9405 13.97 14.0036 14.0337 14.0647 14.0947 14.1245 14.1602 14.1902 14.2202 14.2503 14.2804 14.3133 14.3436 14.3739 14.4031 14.4331 14.4659 14.496 14.5288 14.5628 14.5954 14.6251 14.6551 14.6849 14.7158 14.7458 14.7788 14.8087 14.8414 14.8746 14.9047 14.9359 14.9661 14.9956 15.0251 15.0556 15.0851 15.1149 15.1449 15.1746 15.2045 15.2347 15.2648 15.2962 15.3275 15.3568 15.3876 15.4167 15.4489 15.4788 15.5086 15.538 15.5679 15.5972 15.6264 15.6578 15.6873 15.7165 15.7467 15.7767 15.8077 15.8387 15.8687 15.8987 15.9287 15.958 15.99 16.0194 16.0487 16.0787 16.108 16.1387 16.1681 16.1986 16.2279 16.2587 16.2889 16.3189];
