t = [0.0301901 0.071467 0.09692 0.121628 0.149488 0.178025 0.203415 0.227573 0.254715 0.287198 0.313539 0.343512 0.371459 0.40138 0.428081 0.456168 0.486517 0.513535 0.539785 0.567563 0.596754 0.622762 0.652783 0.68286 0.716989 0.748741 0.773012 0.800941 0.826912 0.85502 0.885885 0.924021 0.9514 0.980909 1.00671 1.03287 1.07702 1.09874 1.12611 1.15665 1.18165 1.21257 1.23592 1.27197 1.29694 1.32693 1.35481 1.37983 1.40688 1.43414 1.46843 1.48941 1.51945 1.55074 1.5774 1.60584 1.63353 1.70993 1.76716 1.81772 1.84582 1.88021 1.90352 1.92993 1.95664 1.98312 2.00958 2.03679 2.07014 2.09415 2.11999 2.14955 2.17756 2.20416 2.23285 2.26651 2.29212 2.32284 2.34961 2.382 2.41016 2.44051];
x1 = [0 0.00142419 0.00498466 0.00996932 0.0163782 0.0242112 0.0313321 0.0384531 0.0462861 0.0562554 0.0640885 0.0733457 0.0818908 0.0911481 0.0996932 0.108238 0.117496 0.126041 0.134586 0.143131 0.152388 0.160221 0.169478 0.178736 0.189417 0.199386 0.206507 0.215052 0.223598 0.232143 0.2414 0.253506 0.262051 0.270596 0.279141 0.286974 0.300504 0.307625 0.31617 0.325427 0.33326 0.342517 0.349638 0.361032 0.368865 0.378122 0.386667 0.3945 0.403045 0.410878 0.42156 0.427969 0.437226 0.447195 0.45574 0.464285 0.472831 0.49633 0.512708 0.529798 0.538343 0.549025 0.556146 0.563979 0.572524 0.580357 0.588902 0.597447 0.607416 0.615249 0.623082 0.63234 0.640885 0.64943 0.657975 0.667944 0.676489 0.685747 0.69358 0.703549 0.712806 0.722064];
x2 = [0 0 202.4 299.4 388 442.6 471.6 487.6 500 510.8 515.6 517.8 522.2 524.6 522.8 523.2 518.2 523.4 524 522.6 521.8 524.6 518.8 523.8 520.4 523.8 520.4 522.4 520 521 519.2 516 522.8 516.2 521.8 519.4 520.6 519.8 521 520.8 519.8 523.2 522 522.2 524 520.4 523.6 517.2 521 519.4 523.2 520 519.4 521.4 520.2 520 519.8 518.2 518 517.4 521.6 517.8 519.4 519.6 520.8 516.6 522 519.2 520.2 518.8 520.2 518.6 518 519.8 520.8 521 520 522.4 517.8 519.4 517.8 516.6];
x3 = [54.3603 54.3603 54.3603 54.3603 54.3603 54.3603 54.3603 54.3603 54.3603 54.3603 54.3603 54.3603 54.3603 54.3603 54.3603 54.3603 54.3603 54.3603 54.3603 54.3603 54.3603 54.3603 54.3603 54.3603 54.3603 54.3603 54.3603 54.3603 54.3603 54.3603 54.3603 54.3603 54.3603 54.3603 54.3603 54.3603 54.3603 54.3603 54.3603 54.3603 54.3603 54.3603 54.3603 54.3603 54.3603 54.3603 54.3603 54.3603 54.3603 54.3603 54.3603 54.3603 54.3603 54.3603 54.3603 54.3603 54.3603 54.3603 54.3603 54.3603 54.3603 54.3603 54.3603 54.3603 54.3603 54.3603 54.3603 54.3603 54.3603 54.3603 54.3603 54.3603 54.3603 54.3603 54.3603 54.3603 54.3603 54.3603 54.3603 54.3603 54.3603 54.3603];
x4 = [0 1.64114 -36671.2 -54246.3 -70299.4 -80191.5 -85444.8 -88342.6 -90588.2 -92543.7 -93411.7 -93808.9 -94604.5 -95037.9 -94710.1 -94781.2 -93873.6 -94814.2 -94921.5 -94666.4 -94519.9 -95025.7 -93973.3 -94877.7 -94259.9 -94874.2 -94256.4 -94617.4 -94181 -94360.8 -94033.1 -93451.6 -94681.7 -93484.3 -94497.4 -94062.5 -94280 -94135 -94351.3 -94315 -94133.8 -94749.9 -94532.5 -94568.7 -94894.9 -94242.6 -94822.4 -93662.7 -94351.3 -94061.4 -94749.9 -94170.1 -94061.4 -94423.8 -94206.3 -94170.1 -94133.8 -93843.9 -93807.7 -93699 -94460 -93771.4 -94061.4 -94097.6 -94315 -93554 -94532.5 -94025.1 -94206.3 -93952.6 -94206.3 -93916.4 -93807.7 -94133.8 -94315 -94351.3 -94170.1 -94605 -93771.4 -94061.4 -93771.4 -93554];
