t = [0 0.201566 0.231063 0.260466 0.290417 0.319696 0.350295 0.380598 0.410465 0.441159 0.47073 0.500592 0.530704 0.560431 0.590548 0.620458 0.650814 0.680612 0.710339 0.740396 0.770446 0.800683 0.830682 0.860774 0.89085 0.920983 0.953869 0.98505 1.01763 1.04703 1.07642 1.1091 1.13884 1.17082 1.21037 1.24046 1.27125 1.30273 1.33167 1.36451 1.39405 1.42385 1.45317 1.48266 1.5149 1.54666 1.5759 1.60584 1.63521 1.67647 1.72377 1.76032 1.80491 1.83436 1.86402 1.8933 1.92253 1.95193 1.98212 2.01258 2.04175 2.07261 2.10185 2.14057 2.1703 2.19993 2.23066 2.26001 2.2892 2.31924 2.34891 2.37805 2.40717 2.43693 2.46632 2.4959 2.52515 2.55472 2.58396 2.61387 2.64312 2.67384 2.70284 2.73185 2.76315 2.794 2.82394 2.8558 2.88542 2.91498 2.94417 2.97415 3.00389 3.03313 3.06396 3.09322 3.12284 3.152 3.18257 3.21182 3.24179 3.27168 3.30168 3.3403 3.37009 3.39968 3.42919 3.45893 3.4888 3.52043 3.55435 3.58417 3.61394 3.64324 3.67647 3.70589 3.73495 3.76415 3.796 3.82673 3.8561 3.88587 3.91488 3.94497 3.97411 4.00385 4.03298 4.06317 4.0929 4.12186 4.15197 4.18266 4.21165 4.24567 4.27542 4.30493 4.33409 4.36396 4.39793 4.42714 4.45714 4.48883 4.51994 4.55186 4.58327 4.61307 4.64262 4.67203 4.70309 4.73259 4.76178 4.79556 4.82485 4.85394 4.88597 4.91629 4.94607 4.97595 5.00541 5.03502 5.0643 5.09388 5.12637 5.15637 5.18891 5.21868 5.24792 5.27738 5.30971 5.33897 5.36814 5.39726 5.42681 5.45641 5.48585 5.51577 5.54531 5.5757 5.60499 5.63416 5.66398 5.69319 5.72568 5.75494 5.78786 5.81721 5.84651 5.87859 5.90745 5.94043 5.97322 6.00535 6.03514 6.06473 6.094 6.12698 6.15638 6.18593 6.21547 6.24507 6.2743 6.30397 6.33316 6.36272 6.39183 6.4217 6.45557 6.48517 6.51442 6.54665 6.57602 6.60865 6.63799 6.66723 6.69668 6.72803 6.7572 6.7863 6.81581 6.84895 6.87834 6.9077 6.9377 6.96695 6.99603 7.02566 7.05493 7.08411 7.11398 7.14326 7.17677 7.20604 7.23546 7.26871 7.29878 7.32794 7.3574 7.38706 7.417 7.4487 7.48008 7.50961 7.53883 7.56889 7.60117 7.63064 7.66016 7.69416 7.72613 7.75582 7.78882 7.81796 7.84725 7.88014 7.91045 7.94004 7.96981 7.99894 8.02875 8.06046 8.08999 8.11985 8.14922 8.18064 8.21123 8.24197 8.27475 8.3041 8.33398 8.36469 8.39394 8.42314 8.45266 8.48196 8.51496 8.54606 8.57567 8.60688 8.63696 8.66897 8.69864 8.73487 8.76409 8.79502 8.82418 8.85398 8.88683 8.91598 8.94576 8.97517 9.00465 9.03405 9.0633 9.09584 9.12583 9.15499 9.18438 9.21391 9.24316 9.27271 9.30169 9.33615 9.36663 9.39612 9.42582 9.45494 9.48465 9.51405 9.5441 9.57738 9.6069 9.6361 9.66563 9.69544 9.72706];
x1 = [0 0 0.000712094 0.00284838 0.00569675 0.00854513 0.0113935 0.014954 0.0185144 0.0220749 0.0256354 0.029908 0.0348926 0.0398773 0.045574 0.0505587 0.0569675 0.0626643 0.0690731 0.075482 0.0826029 0.0890118 0.0961327 0.103966 0.111799 0.120344 0.129601 0.138858 0.147403 0.155949 0.165918 0.174463 0.18372 0.195826 0.204371 0.213628 0.222885 0.231431 0.2414 0.249945 0.25849 0.267747 0.276293 0.28555 0.295519 0.304064 0.312609 0.321867 0.333972 0.347502 0.358895 0.371713 0.380258 0.388803 0.398061 0.406606 0.415151 0.423696 0.432953 0.441498 0.450756 0.459301 0.470694 0.479951 0.488497 0.497042 0.506299 0.514844 0.523389 0.532646 0.541192 0.549737 0.558282 0.567539 0.576084 0.584629 0.593887 0.602432 0.610977 0.619522 0.628779 0.637324 0.645869 0.655127 0.664384 0.672929 0.682898 0.691443 0.699989 0.708534 0.717791 0.726336 0.734881 0.744138 0.752684 0.761941 0.770486 0.779031 0.787576 0.796833 0.805379 0.814636 0.826029 0.834574 0.84312 0.852377 0.860922 0.869467 0.879436 0.889406 0.897951 0.907208 0.915753 0.925722 0.934268 0.942813 0.951358 0.960615 0.969872 0.978417 0.986963 0.995508 1.00476 1.01331 1.02186 1.0304 1.03966 1.0482 1.05675 1.066 1.07526 1.08381 1.09378 1.10232 1.11087 1.11941 1.12867 1.13864 1.14718 1.15573 1.16499 1.17424 1.1835 1.19347 1.20201 1.21056 1.21911 1.22836 1.23762 1.24616 1.25613 1.26468 1.27322 1.28319 1.29174 1.30028 1.30954 1.31809 1.32663 1.33589 1.34443 1.35369 1.36295 1.37221 1.38146 1.39001 1.39855 1.40852 1.41707 1.42561 1.43416 1.4427 1.45125 1.46051 1.46905 1.4776 1.48685 1.4954 1.50394 1.5132 1.52175 1.531 1.53955 1.54952 1.55806 1.56661 1.57658 1.58512 1.59509 1.60364 1.61432 1.62286 1.63141 1.64067 1.64992 1.65918 1.66772 1.67627 1.68481 1.69407 1.70262 1.71116 1.71971 1.72825 1.73751 1.74748 1.75602 1.76457 1.77454 1.78308 1.79234 1.8016 1.81014 1.81869 1.82795 1.83649 1.84504 1.85429 1.86355 1.8721 1.88135 1.8899 1.89844 1.90699 1.91553 1.92479 1.93334 1.94188 1.95043 1.9604 1.96894 1.9782 1.98745 1.99671 2.00526 2.0138 2.02235 2.0316 2.04086 2.05012 2.05938 2.06792 2.07647 2.08644 2.09498 2.10353 2.1135 2.12346 2.13201 2.14198 2.15052 2.15907 2.16904 2.17758 2.18613 2.19539 2.20393 2.21248 2.22173 2.23099 2.23954 2.24808 2.25734 2.2666 2.27585 2.28511 2.29437 2.30291 2.31217 2.32071 2.32926 2.33781 2.34635 2.35632 2.36558 2.37412 2.38338 2.39264 2.40189 2.41044 2.42112 2.42967 2.43892 2.44818 2.45672 2.46598 2.47524 2.48378 2.49233 2.50087 2.50942 2.51868 2.52793 2.53719 2.54574 2.55428 2.56283 2.57208 2.58063 2.58917 2.59914 2.6084 2.61695 2.6262 2.63475 2.64329 2.65184 2.6611 2.67107 2.67961 2.68816 2.6967 2.70596 2.71522 2.72376];
x2 = [0 0 0 0.0111087 0.0751971 0.0811787 0.0871603 0.0813212 0.11009 0.116926 0.099978 0.118777 0.132877 0.158227 0.151534 0.172184 0.173324 0.186569 0.18899 0.209498 0.225876 0.232855 0.233709 0.24553 0.242682 0.26376 0.278002 0.284126 0.289395 0.299649 0.297228 0.296801 0.292956 0.294807 0.298795 0.292813 0.29324 0.295946 0.295946 0.293383 0.29794 0.295519 0.297086 0.296516 0.296231 0.299649 0.296231 0.291674 0.295519 0.295804 0.297513 0.294949 0.292386 0.294665 0.291389 0.294807 0.299222 0.289537 0.293525 0.296089 0.294807 0.299792 0.294665 0.294237 0.295662 0.295804 0.294807 0.301643 0.292386 0.296516 0.294095 0.294665 0.295234 0.298225 0.293952 0.299222 0.294095 0.291674 0.295946 0.296943 0.291389 0.297371 0.297513 0.293668 0.297655 0.295946 0.296089 0.296516 0.297798 0.293952 0.29908 0.293098 0.294095 0.296231 0.295804 0.294237 0.296801 0.296231 0.298937 0.296231 0.291959 0.29381 0.300076 0.292243 0.295662 0.295092 0.293952 0.296516 0.297228 0.296516 0.295519 0.29794 0.292386 0.297086 0.291247 0.296943 0.293668 0.292386 0.297086 0.293383 0.291959 0.299934 0.294807 0.292813 0.294665 0.294949 0.291531 0.300504 0.29794 0.292243 0.294095 0.299507 0.294522 0.292956 0.295234 0.295234 0.299364 0.293668 0.292671 0.294949 0.29324 0.296801 0.298083 0.292813 0.295519 0.293525 0.295092 0.295662 0.295804 0.293525 0.29794 0.295092 0.29438 0.300219 0.294522 0.295662 0.296374 0.294807 0.295946 0.297228 0.294095 0.298225 0.295092 0.29381 0.297513 0.297798 0.29438 0.300789 0.294665 0.291674 0.295804 0.293098 0.293668 0.295804 0.293952 0.295092 0.296943 0.294949 0.294237 0.296943 0.296516 0.293668 0.300076 0.294095 0.29851 0.294665 0.295092 0.297798 0.296231 0.292813 0.297655 0.297228 0.29324 0.296516 0.29324 0.295946 0.295804 0.29851 0.294522 0.296231 0.294665 0.295234 0.294095 0.296089 0.293952 0.296943 0.292528 0.301073 0.292528 0.291104 0.298083 0.297513 0.301786 0.29908 0.293525 0.294522 0.294095 0.294237 0.299649 0.292243 0.293525 0.293952 0.294522 0.294095 0.297513 0.294522 0.299507 0.29438 0.292243 0.292813 0.298652 0.292243 0.297513 0.294807 0.294665 0.296089 0.296943 0.292386 0.297086 0.295662 0.295377 0.298367 0.297655 0.29794 0.299364 0.292386 0.29438 0.295519 0.294095 0.296231 0.295519 0.296943 0.296374 0.294522 0.300646 0.295946 0.294237 0.298937 0.292243 0.292101 0.296089 0.292813 0.297228 0.296231 0.295946 0.298083 0.29908 0.290962 0.295092 0.295946 0.294237 0.29851 0.29794 0.290392 0.294522 0.292813 0.296231 0.298367 0.291959 0.291674 0.295234 0.293098 0.298225 0.298937 0.295804 0.295804 0.294095 0.29438 0.295234 0.296089 0.293383 0.296089 0.300361 0.290534 0.298652 0.294095 0.295092 0.298083 0.296516 0.295946 0.300789 0.294522 0.294949 0.295946 0.292671 0.294237 0.298367 0.295804 0.29438 0.296658 0.293668 0.295092 0.299222 0.294665 0.292528];
