t = [0.0137674 0.0309125 0.0405417 0.0496364 0.0593745 0.0702529 0.0796297 0.0899163 0.0997107 0.111011 0.122462 0.132425 0.146225 0.1562 0.169945 0.180257 0.195185 0.212251 0.226323 0.239796 0.258984 0.277781 0.290879 0.307568 0.323672 0.340207 0.356212 0.368776 0.383402 0.398295 0.414385 0.430282 0.451106 0.471417 0.488774 0.504278 0.519453 0.534296 0.552769 0.567533 0.582758 0.5995 0.615173 0.631391 0.652432 0.670402 0.687622 0.702202 0.718305 0.737477 0.750191 0.766248 0.780897 0.797609 0.814253 0.827795 0.847544 0.865969 0.887929 0.906 0.91842 0.944291 0.963617 0.980957 1.0002 1.01488 1.03171 1.05599 1.06989 1.08884 1.10443 1.12226 1.14026 1.15616 1.17274 1.19222 1.20703 1.22309 1.23912 1.26108 1.27761 1.29825 1.31425 1.3304 1.34478 1.36049 1.37644 1.39165 1.4084 1.4291 1.45108 1.46959 1.48727 1.50594 1.5217 1.54136 1.55678 1.57432 1.59151 1.61092 1.62769 1.68124 1.711 1.7544 1.79937 1.83339 1.85493 1.87499 1.89135 1.91282 1.92826 1.94026 1.95641 1.97429 1.99226 2.00482 2.0214 2.03645 2.05832 2.07612 2.09429 2.11285 2.12766 2.14042 2.15474 2.1711 2.1876 2.20283 2.22142 2.23679 2.26086 2.27771 2.29291 2.3094 2.32882 2.34454 2.36221 2.38045 2.4003 2.41754 2.4309 2.44962 2.4679 2.49172 2.50679 2.52248 2.53879 2.55628 2.57306 2.59106 2.60825 2.62277 2.64031 2.66463 2.68054 2.70098 2.71678 2.73095 2.74826 2.76477 2.78093 2.79622 2.81029 2.82776 2.84753 2.86828 2.88378 2.90365 2.91877 2.94 2.96283 2.98454 3.00984 3.02827 3.04587 3.06265 3.07818 3.09517 3.11139 3.12961 3.14634 3.15896 3.17483 3.19225 3.2125 3.23027 3.24813 3.26178 3.28046 3.29599 3.3124 3.33278 3.35 3.36677 3.38516 3.40429 3.42275 3.43997 3.45667 3.47994 3.49433 3.5139 3.53 3.54624 3.56277 3.57679 3.5943 3.60881 3.62434 3.64599 3.66248 3.67588 3.6928 3.71022 3.73017 3.74307 3.76174 3.78095 3.79877 3.81279 3.83449 3.85026 3.86778 3.8852 3.89886 3.91467 3.9303 3.94501 3.96429 3.98091 3.995 4.01027 4.02513 4.04766 4.06304 4.08296 4.09825 4.11632 4.13028 4.14681 4.16279 4.18092 4.19798 4.2137 4.23109 4.25035 4.26625 4.2829 4.30279 4.31821 4.33521 4.34995 4.36592 4.38026 4.39877 4.41471 4.42961 4.4524 4.47093 4.48683 4.5029 4.51635 4.53595 4.54919 4.5649 4.57999 4.59676 4.61275 4.6319 4.65422 4.67296 4.69246 4.7092 4.72298 4.74022 4.75677 4.77476 4.79127 4.80928 4.82279 4.84587 4.86331 4.88047 4.89839 4.91253 4.92821 4.94226 4.96034 4.97761 4.9943 5.01251 5.03023 5.04758 5.06592 5.08589 5.1017 5.1145 5.13147 5.14643 5.16088 5.17826 5.19428 5.21427 5.23031 5.25644 5.27054 5.29157 5.30874 5.32475 5.33826 5.3536 5.36997 5.3882 5.40831 5.42031 5.43479 5.45608 5.47435 5.49398 5.51142 5.53091 5.548 5.56637 5.583 5.60246 5.61942 5.63633 5.65888 5.67653 5.69453 5.71089 5.72629 5.74221 5.75984 5.77479 5.79107 5.80883 5.82278 5.8494 5.86759 5.88175 5.90149 5.91875 5.93475 5.94933 5.96511 5.98251 6.00433 6.01995 6.03947 6.06219 6.07916 6.09825 6.11277 6.12878 6.14222 6.16165];
x1 = [0 0 0 0 0 0 0 0 0 0 0 0 0 0 0 0 0 0 0.000712094 0.00213628 0.00498466 0.00854513 0.0106814 0.0142419 0.0170903 0.0199386 0.022787 0.0249233 0.0277717 0.0306201 0.0341805 0.037741 0.0434377 0.0477103 0.052695 0.0562554 0.060528 0.0640885 0.0690731 0.0726336 0.0769062 0.0818908 0.0861634 0.090436 0.0961327 0.101117 0.106102 0.110375 0.114647 0.119632 0.123192 0.127465 0.131737 0.136722 0.140995 0.145267 0.150252 0.155949 0.161645 0.167342 0.170903 0.178736 0.18372 0.188705 0.195114 0.199386 0.203659 0.211492 0.215765 0.221461 0.226446 0.231431 0.237127 0.242112 0.247097 0.252793 0.257066 0.262051 0.267035 0.273444 0.278429 0.284838 0.28911 0.294807 0.298367 0.30264 0.307625 0.311897 0.316882 0.322579 0.328275 0.333972 0.338957 0.343941 0.348926 0.354623 0.358895 0.36388 0.368865 0.374562 0.379546 0.3945 0.403045 0.415863 0.428681 0.43865 0.445059 0.450756 0.455028 0.461437 0.46571 0.469982 0.474967 0.479239 0.484936 0.488497 0.493481 0.497754 0.504163 0.509147 0.514132 0.519829 0.524101 0.527662 0.531934 0.536207 0.540479 0.544752 0.550449 0.554721 0.561842 0.566827 0.5711 0.575372 0.581069 0.585341 0.590326 0.596023 0.60172 0.606704 0.610265 0.615961 0.621658 0.628779 0.633052 0.637324 0.642309 0.647294 0.652278 0.657975 0.66296 0.667232 0.672929 0.679338 0.684323 0.690731 0.695004 0.699276 0.704261 0.709246 0.71423 0.718503 0.722776 0.72776 0.734169 0.739866 0.745563 0.750547 0.755532 0.761941 0.76835 0.774758 0.782592 0.787576 0.793273 0.798258 0.80253 0.807515 0.812499 0.817484 0.822469 0.826029 0.831014 0.836711 0.841695 0.84668 0.852377 0.856649 0.861634 0.866619 0.871603 0.8773 0.882285 0.887269 0.893678 0.898663 0.90436 0.910768 0.914329 0.92145 0.925722 0.931419 0.935692 0.940676 0.945661 0.949934 0.954918 0.959191 0.963463 0.969872 0.974857 0.978417 0.983402 0.989099 0.994796 0.998356 1.00334 1.00904 1.01473 1.01901 1.02542 1.02969 1.03467 1.04037 1.04393 1.04891 1.05319 1.05817 1.06316 1.06814 1.07313 1.0774 1.08167 1.08808 1.09235 1.09876 1.10303 1.10873 1.11229 1.11728 1.12226 1.12725 1.13223 1.13721 1.1422 1.1479 1.15288 1.15787 1.16356 1.16855 1.17353 1.1778 1.18279 1.18635 1.19205 1.19703 1.2013 1.20842 1.21412 1.21839 1.22338 1.22765 1.23335 1.23691 1.24189 1.24616 1.25044 1.25542 1.26112 1.26682 1.27251 1.27821 1.28248 1.28675 1.29174 1.29672 1.30171 1.30598 1.31097 1.31524 1.32165 1.32663 1.33162 1.3366 1.34087 1.34515 1.35013 1.35512 1.3601 1.36508 1.37007 1.37505 1.37933 1.38502 1.39072 1.3957 1.39927 1.40496 1.40923 1.41351 1.41849 1.4249 1.42989 1.43345 1.44128 1.44555 1.45125 1.45694 1.46122 1.46478 1.46976 1.47403 1.47973 1.48543 1.48899 1.49326 1.49896 1.50466 1.51035 1.51534 1.52032 1.52602 1.531 1.53599 1.54168 1.54667 1.55165 1.55806 1.56305 1.56732 1.5723 1.57658 1.58085 1.58583 1.59011 1.59438 1.59936 1.60435 1.61076 1.61574 1.6193 1.625 1.6307 1.63426 1.63853 1.6428 1.64779 1.65348 1.65776 1.66274 1.66844 1.67342 1.67841 1.68197 1.68624 1.6898 1.69478];
