t = [0 0.040628 0.0704582 0.105328 0.136565 0.168213 0.202564 0.235474 0.272194 0.30397 0.334084 0.36473 0.396563 0.42981 0.46521 0.496344 0.525867 0.556315 0.590288 0.622504 0.658643 0.69192 0.722454 0.752596 0.786623 0.819057 0.855346 0.885913 0.917079 0.949503 0.982513 1.01806 1.05521 1.08547 1.11648 1.14672 1.17815 1.21307 1.24784 1.27807 1.30848 1.34176 1.37231 1.40458 1.44237 1.4724 1.52035 1.55316 1.58878 1.62423 1.65975 1.69338 1.72528 1.75813 1.79241 1.82586 1.86129 1.89059 1.92305 1.95388 1.9872 2.01828 2.05516 2.08774 2.11808 2.14971 2.18247 2.21582 2.24784 2.27809 2.30826 2.33845 2.37056 2.40382 2.43444 2.46664 2.49777 2.5289 2.5598 2.59404 2.6247 2.66026 2.69407 2.72525 2.75854 2.78987 2.82008 2.85365 2.88625 2.91799 2.94802 2.97906 3.01031 3.04221 3.07171 3.10395 3.1341 3.16413 3.19451 3.22626 3.26054 3.29058 3.32241 3.35534 3.38975 3.42265 3.45654 3.48631 3.51715 3.55042 3.58237 3.61392 3.64788 3.68229 3.71389 3.74427 3.77387 3.80408 3.84202 3.87192 3.90259 3.9372 3.96743 3.99845 4.02942 4.06723 4.09898 4.13203 4.16258 4.19468 4.22532 4.2616 4.29219 4.32205 4.35259 4.38305 4.41429 4.44652 4.47629 4.50646 4.53583 4.56634 4.59648 4.62661 4.65973 4.69178 4.72219 4.75377 4.7843 4.81843 4.85441 4.88693 4.91872 4.94877 4.98249 5.01268 5.04655 5.07581 5.10529 5.13515 5.16663 5.19816 5.23203 5.26627 5.29582 5.32931 5.36182 5.39253 5.42636 5.45861 5.48987 5.51991 5.55033 5.58406 5.61401 5.64467 5.6784 5.70842 5.73804 5.76715 5.797 5.82705 5.85651 5.88624 5.91547 5.94564 5.97526 6.00525 6.03586 6.06635 6.09545 6.12525 6.15731 6.18991 6.22015 6.25008 6.28007 6.31045 6.34054 6.37053 6.40069 6.43189 6.46243 6.4952 6.52562 6.55524 6.58705 6.61696 6.64622 6.67589 6.7054 6.73531 6.76504 6.79526 6.82516 6.85523 6.88532 6.91737 6.94986 6.9797 7.00934 7.03848 7.06818 7.09943 7.13127 7.16064 7.19112 7.22056 7.25069 7.28249 7.3135 7.34561 7.3752 7.40562 7.4352 7.46477 7.49542 7.5252 7.55518 7.58534 7.61569 7.64651 7.67626 7.70815 7.73807 7.76941 7.80046 7.83254 7.86232 7.89179 7.92116 7.95034 7.98059 8.01408 8.04375 8.07277 8.10257 8.13237 8.16209 8.19143 8.22111 8.25016 8.28461 8.31532 8.34519 8.37518 8.40529 8.43516 8.47253 8.50305 8.53409 8.56383 8.59629 8.62636 8.65535 8.68536 8.71518 8.74651 8.77578 8.8055 8.8358 8.86895 8.89828 8.92798 8.95708 8.98657 9.01619 9.04536 9.07654 9.1059 9.13544 9.16504 9.19523 9.22504 9.25886 9.2884 9.31801 9.34799 9.3803 9.41164 9.44222 9.47132 9.50096 9.53227 9.56235 9.59249];
x1 = [0 0 0 0 0 0.00141546 0.00353865 0.00707731 0.00990823 0.0141546 0.0191087 0.0254783 0.0332634 0.0424639 0.0523721 0.0608649 0.0700654 0.0806813 0.0905896 0.101913 0.111821 0.120314 0.128807 0.138715 0.148623 0.159239 0.16844 0.17764 0.187549 0.196749 0.207365 0.217981 0.227182 0.236382 0.244875 0.254783 0.264691 0.275307 0.284508 0.293708 0.302909 0.312817 0.322018 0.333341 0.342542 0.356696 0.366605 0.377221 0.387837 0.397745 0.407653 0.417561 0.427469 0.437378 0.447286 0.457902 0.467102 0.476303 0.485503 0.495412 0.504612 0.515936 0.525844 0.535045 0.544245 0.554153 0.563354 0.573262 0.582463 0.590955 0.600156 0.609356 0.619972 0.629173 0.638373 0.648281 0.657482 0.666682 0.677298 0.686499 0.697823 0.707731 0.716224 0.726132 0.73604 0.744533 0.754441 0.763642 0.772842 0.782043 0.791243 0.800444 0.809644 0.818845 0.828045 0.837246 0.845738 0.854939 0.864847 0.874755 0.883248 0.893156 0.902357 0.912265 0.922881 0.932789 0.94199 0.950483 0.958975 0.965345 0.971007 0.974545 0.976669 0.978792 0.978792 0.978084 0.978084 0.978792 0.978084 0.978792 0.978792 0.978792 0.978792 0.9795 0.978792 0.9795 0.978792 0.978792 0.978792 0.978792 0.978792 0.978792 0.978792 0.978792 0.978792 0.978792 0.978792 0.978792 0.978792 0.978792 0.978792 0.978792 0.978792 0.978792 0.978792 0.978792 0.978792 0.978792 0.978792 0.978792 0.978792 0.978792 0.978792 0.978792 0.978792 0.978792 0.978792 0.978792 0.978792 0.978792 0.978792 0.978792 0.978792 0.978084 0.975961 0.97313 0.969591 0.963929 0.95756 0.95119 0.943405 0.93562 0.925712 0.916511 0.907311 0.897403 0.888202 0.879709 0.871217 0.862016 0.853523 0.844323 0.835122 0.82663 0.817429 0.808936 0.799736 0.790535 0.781335 0.772842 0.763642 0.754441 0.744533 0.735332 0.726132 0.717639 0.708439 0.699946 0.690745 0.681545 0.672344 0.663144 0.653943 0.644743 0.635542 0.62705 0.617141 0.608649 0.600156 0.590955 0.581755 0.573262 0.564769 0.555569 0.546368 0.537875 0.527967 0.518059 0.509566 0.500366 0.491873 0.48338 0.47418 0.464271 0.455779 0.446578 0.438085 0.428885 0.419684 0.410484 0.400576 0.392083 0.382882 0.37439 0.365189 0.356696 0.347496 0.338295 0.329803 0.320602 0.311402 0.302909 0.293001 0.284508 0.2746 0.265399 0.256199 0.246998 0.238505 0.229305 0.220812 0.212319 0.202411 0.193211 0.184718 0.175517 0.167024 0.157824 0.149331 0.140838 0.132346 0.122437 0.113237 0.104036 0.0955437 0.0863432 0.0771427 0.065819 0.0573262 0.0495412 0.0410484 0.0318479 0.0233551 0.0155701 0.00707731 -0.00212319 -0.0113237 -0.0191087 -0.0268938 -0.0339711 -0.0424639 -0.0509566 -0.0594494 -0.0686499 -0.0771427 -0.0863432 -0.0948359 -0.104036 -0.112529 -0.121022 -0.128807 -0.1373 -0.147208 -0.159239 -0.170563 -0.182595 -0.193918 -0.205242 -0.214442 -0.224351 -0.232843 -0.242752 -0.251952 -0.26186 -0.270353 -0.280261];
x2 = [0 0 0 0 0 0 0.0294416 0.062988 0.0758687 0.110406 0.154852 0.18585 0.212885 0.256906 0.286631 0.301776 0.307155 0.310269 0.311685 0.311968 0.302343 0.287339 0.276298 0.289887 0.295407 0.292293 0.293425 0.3039 0.300927 0.289603 0.293991 0.290736 0.287622 0.291019 0.296681 0.296822 0.295124 0.301635 0.302767 0.300078 0.29385 0.291868 0.30206 0.300503 0.295832 0.298662 0.298238 0.293991 0.292151 0.298804 0.293142 0.291868 0.299795 0.299512 0.294416 0.300219 0.300503 0.296398 0.295407 0.296964 0.292434 0.298804 0.305598 0.303475 0.295548 0.293001 0.295548 0.299087 0.296398 0.290453 0.300927 0.29937 0.298946 0.298238 0.299229 0.297672 0.298804 0.306164 0.3039 0.300927 0.304041 0.299653 0.29569 0.293708 0.292576 0.296964 0.291019 0.289179 0.292717 0.293425 0.299653 0.301352 0.289462 0.29385 0.293142 0.294982 0.293284 0.30305 0.300786 0.292576 0.290877 0.293142 0.291868 0.297955 0.30305 0.300644 0.298379 0.298662 0.260445 0.21883 0.179905 0.126259 0.0711977 0.0471349 0.0338295 -0.00311402 -0.0150039 0.00750195 -0.00820968 0.0120314 -0.0118899 0.0191087 0.0134469 0.0107575 -0.00226474 0.00212319 -0.00410484 0.0055203 -0.0117483 -0.0135884 -0.0100498 0 0 0 0 0 0 0 0 0 0 0 0 0 0 0 0 0 0 0 0 0 0 0 0 0 0 0 0 0 0 0 0 -0.000283092 -0.0144377 -0.0636958 -0.0925712 -0.132204 -0.188398 -0.184293 -0.229588 -0.269221 -0.290311 -0.291302 -0.299795 -0.3039 -0.29569 -0.294274 -0.296822 -0.292717 -0.298521 -0.296539 -0.301776 -0.303475 -0.295265 -0.29753 -0.298804 -0.300644 -0.303192 -0.299229 -0.294699 -0.295548 -0.301493 -0.298379 -0.299936 -0.301635 -0.29937 -0.291302 -0.292434 -0.298946 -0.299795 -0.293708 -0.297672 -0.300361 -0.296256 -0.29116 -0.298662 -0.297672 -0.298238 -0.297813 -0.297105 -0.29753 -0.292434 -0.296256 -0.296822 -0.300078 -0.297247 -0.296398 -0.303192 -0.306306 -0.296822 -0.288613 -0.29201 -0.302626 -0.300503 -0.296256 -0.293284 -0.29569 -0.293991 -0.296539 -0.299229 -0.298379 -0.299087 -0.295407 -0.295124 -0.294416 -0.296398 -0.293991 -0.294699 -0.293142 -0.29753 -0.29385 -0.299087 -0.30121 -0.295832 -0.295548 -0.300786 -0.300503 -0.295832 -0.295973 -0.295124 -0.294982 -0.297247 -0.3039 -0.297813 -0.297672 -0.29753 -0.297105 -0.287197 -0.290453 -0.292293 -0.29385 -0.293991 -0.295832 -0.297955 -0.301493 -0.306731 -0.300503 -0.283375 -0.264125 -0.269787 -0.279412 -0.282951 -0.281394 -0.281252 -0.292434 -0.292717 -0.279129 -0.26271 -0.243318 -0.2453 -0.272193 -0.28932 -0.298096 -0.299795 -0.294982 -0.29753 -0.29017 -0.291444 -0.284508 -0.277855 -0.268938 -0.307863 -0.336738 -0.381325 -0.40921 -0.385572 -0.349619 -0.320461 -0.305598 -0.30758 -0.312817 -0.313666 -0.308429 -0.305881 -0.301069];
