t = [0.018436 0.0478485 0.0603364 0.0784612 0.0883701 0.0980319 0.1109 0.12521 0.138088 0.150793 0.165956 0.178413 0.190826 0.202123 0.216454 0.228455 0.247721 0.259017 0.275282 0.288742 0.300802 0.31262 0.326084 0.338107 0.35007 0.363216 0.378064 0.390115 0.407884 0.426683 0.44566 0.459391 0.470083 0.482716 0.496432 0.508141 0.520077 0.532684 0.547781 0.55876 0.575868 0.585334 0.598608 0.611345 0.625947 0.643409 0.657761 0.668397 0.680685 0.692701 0.702829 0.718672 0.73127 0.742749 0.755849 0.766911 0.778666 0.790795 0.800684 0.812791 0.830083 0.848124 0.859968 0.876643 0.885675 0.89601 0.90815 0.922447 0.932777 0.948148 0.960818 0.975847 0.987341 1.00007 1.0125 1.0281 1.04908 1.06027 1.07585 1.09004 1.1032 1.11805 1.13006 1.1408 1.15606 1.17004 1.18407 1.19608 1.20806 1.21921 1.23271 1.25877 1.26767 1.28193 1.29654 1.30662 1.31807 1.33067 1.34139 1.35265 1.36653 1.3768 1.38876 1.40085 1.41213 1.42874 1.44991 1.46533 1.47926 1.49274 1.50586 1.51806 1.53133 1.54687 1.56068 1.57386 1.58812 1.60247 1.61844 1.63139 1.65926 1.66996 1.682 1.69512 1.74006 1.76253 1.80673 1.82685 1.86249 1.87884 1.90228 1.91309 1.92319 1.93817 1.95092 1.96076 1.97252 1.98774 1.99936 2.01008 2.02269 2.03272 2.0619 2.07092 2.08079 2.09271 2.10325 2.1133 2.12818 2.14137 2.15313 2.16576 2.17883 2.1908 2.20271 2.21586 2.22609 2.24868 2.26556 2.27818 2.29008 2.30275 2.3127 2.32609 2.33843 2.35081 2.36266 2.37597 2.38788 2.40303 2.41579 2.42712 2.44782 2.45776 2.47045 2.48315 2.49593 2.50872 2.52081 2.53281 2.54658 2.5608 2.57613 2.58859 2.60082 2.61266 2.62583 2.64605 2.657 2.67081 2.68088 2.69274 2.70871 2.71998 2.73278 2.74645 2.76011 2.77296 2.78655 2.80051 2.81586 2.82648 2.84611 2.85731 2.87639 2.88454 2.89806 2.91077 2.92269 2.93804 2.95004 2.96643 2.97884 2.99055 3.0027 3.01674 3.03005 3.05005 3.06061 3.07581 3.08812 3.10384 3.11775 3.12875 3.14006 3.15275 3.16647 3.17806 3.19061 3.20591 3.21806 3.2313 3.25108 3.26565 3.2833 3.29614 3.3088 3.32195 3.334 3.3432 3.35649 3.37062 3.38391 3.39808 3.4169 3.42807 3.45527 3.46408 3.49011 3.50259 3.51641 3.52658 3.53806 3.55134 3.56534 3.5761 3.58792 3.60078 3.61652 3.62616 3.64568 3.65882 3.66973 3.68314 3.69267 3.7028 3.71677 3.73012 3.74249 3.75604 3.76879 3.78077 3.79338 3.80417 3.81677 3.82803 3.84778 3.85863 3.87845 3.88981];
x1 = [0 0 0.000712094 0.00213628 0.00284838 0.00427257 0.00712094 0.00996932 0.0128177 0.0156661 0.0199386 0.0220749 0.0263475 0.029908 0.0334684 0.0370289 0.0427257 0.0462861 0.0512708 0.0555433 0.0591038 0.0626643 0.0669369 0.0712094 0.0747699 0.0783304 0.083315 0.0868755 0.0925722 0.098269 0.104678 0.10895 0.112511 0.116071 0.120344 0.123904 0.128177 0.131737 0.135298 0.140283 0.145267 0.148116 0.152388 0.156661 0.160933 0.16663 0.170903 0.174463 0.178024 0.182296 0.185144 0.190129 0.194402 0.197962 0.201523 0.205083 0.209356 0.212916 0.215765 0.220037 0.225022 0.230719 0.234991 0.239976 0.242824 0.245672 0.249945 0.254218 0.257778 0.262051 0.266323 0.270596 0.274156 0.278429 0.281989 0.286974 0.294095 0.297655 0.301928 0.306913 0.310473 0.315458 0.319018 0.322579 0.326851 0.331836 0.336108 0.339669 0.343229 0.34679 0.351062 0.359608 0.361744 0.366729 0.371001 0.373849 0.378122 0.381682 0.385243 0.388803 0.393076 0.396636 0.400197 0.403757 0.407318 0.412303 0.419423 0.424408 0.428681 0.432953 0.436514 0.440786 0.444347 0.449331 0.454316 0.457877 0.462861 0.467134 0.471406 0.475679 0.484936 0.488497 0.492057 0.495618 0.509859 0.51698 0.531222 0.536919 0.548313 0.553297 0.56113 0.563979 0.567539 0.571812 0.575372 0.578933 0.582493 0.586766 0.591038 0.594599 0.598159 0.60172 0.610977 0.613113 0.616674 0.620234 0.623795 0.626643 0.631628 0.635188 0.639461 0.642309 0.647294 0.650854 0.654415 0.658687 0.662248 0.669369 0.674353 0.677914 0.682186 0.685747 0.689307 0.69358 0.69714 0.700701 0.704973 0.708534 0.712806 0.717079 0.720639 0.724912 0.731321 0.734881 0.738442 0.742714 0.746275 0.750547 0.754108 0.757668 0.761941 0.766925 0.771198 0.775471 0.779031 0.783304 0.786864 0.793273 0.796833 0.801106 0.804666 0.808227 0.813212 0.816772 0.820333 0.824605 0.828878 0.83315 0.836711 0.841695 0.84668 0.849528 0.855937 0.859498 0.865194 0.868043 0.872315 0.875876 0.880148 0.884421 0.888694 0.892966 0.897239 0.900799 0.905072 0.909344 0.913617 0.920026 0.922874 0.927147 0.931419 0.936404 0.940676 0.944237 0.947797 0.95207 0.95563 0.959903 0.964176 0.968448 0.972721 0.976993 0.98269 0.987675 0.992659 0.996932 1.0012 1.00476 1.00904 1.01189 1.01545 1.02043 1.02399 1.02898 1.03396 1.03823 1.04678 1.04963 1.05746 1.06173 1.06529 1.06885 1.07241 1.07669 1.08096 1.08452 1.08808 1.09235 1.09663 1.10019 1.10659 1.11015 1.11372 1.11799 1.12084 1.1244 1.12867 1.13294 1.1365 1.14077 1.14505 1.14861 1.15217 1.15573 1.16 1.16356 1.16926 1.17282 1.17923 1.18279];
