t = [0 0.100758 0.131832 0.162459 0.192379 0.22411 0.259604 0.290097 0.320489 0.352139 0.382421 0.412549 0.442573 0.474814 0.507084 0.538452 0.572718 0.603775 0.636962 0.667577 0.698116 0.731762 0.762075 0.79253 0.822728 0.858164 0.888376 0.921865 0.952162 0.985067 1.01885 1.05054 1.08958 1.12501 1.15756 1.18935 1.2196 1.25111 1.28268 1.31238 1.34187 1.39846 1.42964 1.46364 1.49846 1.53515 1.57886 1.60906 1.63879 1.66793 1.70008 1.73128 1.76176 1.79139 1.82132 1.85053 1.88268 1.9127 1.94241 1.97178 2.0013 2.03175 2.06116 2.0906 2.12138 2.15165 2.18308 2.21488 2.24463 2.27664 2.30601 2.33565 2.36502 2.39478 2.42464 2.45406 2.48376 2.51365 2.54589 2.57554 2.60544 2.63478 2.66435 2.69371 2.72388 2.75552 2.78571 2.81514 2.84491 2.87708 2.90682 2.93636 2.96568 2.99514 3.02503 3.05473 3.08445 3.114 3.14375 3.17313 3.20248 3.23243 3.26165 3.29118 3.32057 3.35355 3.38535 3.41508 3.44493 3.47469 3.50454 3.53414 3.56358 3.59442 3.62548 3.65467 3.68452 3.71406 3.74377 3.7735 3.80299 3.83241 3.86172 3.89128 3.92058 3.9513 3.98056 4.01177 4.04355 4.0747 4.10473 4.13454 4.16477 4.19705 4.22677 4.25615 4.28561 4.31545 4.34777 4.37839 4.40828 4.43812 4.46826 4.49815 4.53045 4.56114 4.59057 4.62256 4.65265 4.68261 4.71243 4.74438 4.77397 4.80371 4.83369 4.86297 4.89266 4.92243 4.9518 4.98135 5.01173 5.04137 5.07364 5.10557 5.13558 5.16508 5.19741 5.2271 5.25663 5.28594 5.31546 5.34496 5.37451 5.40406 5.43389 5.46913 5.50172 5.53137 5.56114 5.59148 5.62168 5.65112 5.68059 5.71177 5.74115 5.77166 5.80136 5.83076 5.86108 5.89032 5.92174 5.95137 5.98178 6.01137 6.04176 6.07118 6.10063 6.13151 6.16167 6.19169 6.22409 6.25811 6.28828 6.31812 6.3483 6.38027 6.41063 6.44136 6.47451 6.50391 6.53697 6.56658 6.59599 6.6294 6.66407 6.69383 6.7237 6.75301 6.78252 6.81246 6.84244 6.87137 6.90168 6.93336 6.96386 6.99368 7.02301 7.05377 7.08442 7.11413 7.14381 7.17302 7.20251 7.23245 7.26211 7.29412 7.32358 7.35714 7.38703 7.41664 7.44633 7.48035 7.51178 7.54137 7.57246 7.60247 7.63178 7.66103 7.69109 7.72062 7.75114 7.78115 7.81056 7.84115 7.87358 7.90308 7.93292 7.96249 7.99234 8.02178 8.05116 8.08112 8.1105 8.14177 8.17136 8.20168 8.23133 8.26064 8.29102 8.32043 8.35134 8.38064 8.41135 8.44178 8.47348 8.50304 8.53309 8.56553 8.59505 8.62737 8.65691 8.68697 8.71655 8.74576 8.77541 8.80513 8.83487 8.86445 8.89404 8.92565 8.95555 8.98504 9.015 9.04441 9.07346 9.10308 9.13254 9.16175 9.19109 9.22058 9.25151 9.28112 9.31258 9.34371 9.37491 9.40492 9.43436 9.46352 9.49304 9.5225 9.55251 9.58245 9.61177 9.64139 9.67491 9.70439 9.73376 9.76372 9.79678 9.82632 9.8556 9.88757 9.91814 9.94816 9.97813 10.0081 10.0381 10.0681 10.0982 10.1281 10.1581 10.19 10.2205 10.2508 10.2833 10.3127 10.3424 10.3719 10.4013 10.4306 10.4611 10.4904 10.5247 10.5571 10.5878 10.6183 10.6524 10.6818 10.7155 10.745 10.7751 10.8051 10.8348 10.8643 10.8936 10.923 10.953 10.9825 11.0118 11.0413 11.0768 11.1063 11.1356 11.1676 11.1974 11.2269 11.2567 11.2861 11.3156 11.3451 11.375 11.4051 11.4347 11.4643 11.4944 11.5238 11.5537 11.583 11.6128 11.6425 11.6745 11.7049 11.7344 11.764 11.7946 11.8245 11.8574 11.8868 11.9171 11.9468 11.9766 12.0059 12.0356 12.0695 12.0995 12.1299 12.1631 12.1926 12.2224 12.2517 12.2811 12.3107 12.3434 12.3731 12.4026 12.4325 12.4624 12.4916 12.5211 12.5505 12.5812 12.6117 12.6413 12.6739 12.7036 12.7333 12.7635 12.7931 12.8225 12.8517 12.8812 12.9117 12.9414 12.9718 13.0035 13.0338 13.0638 13.0949 13.1245 13.1537 13.183 13.2125 13.2418 13.2711 13.3006 13.3316 13.3617 13.3936 13.4254 13.4547 13.4843 13.5138 13.5437 13.5733 13.6027 13.6324 13.6617 13.6911 13.7206 13.7515 13.7817 13.8113 13.8406 13.8711 13.9005 13.9313 13.9605 13.9912 14.0217 14.0513 14.0837 14.1135 14.1431 14.1726 14.2025 14.2317 14.2611 14.2904 14.3218 14.3515 14.3814 14.4114 14.4405 14.4739 14.504 14.5338 14.5631 14.5925 14.6256 14.6574 14.687 14.7166 14.7457 14.7753 14.8051 14.8348 14.8647 14.8941 14.9237 14.9534 14.984 15.0136 15.0472 15.0763 15.1057 15.1401 15.1706 15.2018 15.2314 15.2617 15.2938 15.3237 15.3536 15.3831 15.4131 15.4425 15.4717 15.5014 15.5311 15.5606 15.5912 15.6205 15.6511 15.683 15.7126 15.7424 15.7718 15.8013 15.8318 15.8612 15.8906 15.9234 15.9526 15.9825 16.0118 16.0412 16.0752 16.1051 16.1349 16.1644 16.1937 16.223 16.2524 16.2828 16.3125 16.3417 16.3713 16.4018 16.4331 16.4629 16.4924 16.5218 16.5512 16.5814 16.6117 16.6414 16.6758 16.7056 16.7383 16.7681 16.8 16.8305 16.8613 16.8911 16.9206 16.9513 16.9807 17.0114 17.0417 17.0736 17.1055 17.1354 17.165 17.1946 17.2244 17.2563 17.2858 17.3156 17.345 17.3751 17.4051 17.4374 17.4667 17.499 17.5288 17.5588 17.589 17.6189 17.6486 17.6781 17.7081 17.7381 17.77 17.8005 17.8313 17.8607 17.8927 17.9225 17.9522 17.9846 18.0145 18.0441 18.0735 18.1032 18.1326 18.1625 18.1917 18.2213 18.2504 18.2826 18.3125 18.3443 18.3737 18.404 18.4362 18.4656 18.4955 18.5251 18.555 18.5876 18.6174 18.6469 18.6766 18.706 18.7355 18.765 18.795 18.825 18.8547 18.8844 18.9141 18.9436 18.973 19.0025 19.0324 19.0616 19.091 19.1205 19.1536 19.1855 19.215 19.2449 19.2746 19.3047 19.3345 19.3646 19.3947 19.4244 19.4572 19.4867 19.5174 19.547 19.5767 19.606 19.6355 19.6697 19.6996 19.731 19.7602 19.793 19.8225 19.8523 19.8816 19.9117 19.9415 19.9717 20.0013 20.0317 20.0611 20.0925 20.1218 20.1513 20.1817 20.2114 20.2417 20.2734 20.3028 20.3325 20.3624 20.3945 20.4249 20.4543 20.4836 20.5131 20.5424 20.5727 20.6025 20.6317 20.6611 20.6902 20.7206 20.7512 20.7806 20.8114 20.8408 20.8717 20.9013 20.9317 20.9615 20.9917 21.0213 21.0505 21.0817 21.1135 21.1437 21.1737 21.2037 21.2337 21.2635 21.293 21.3228 21.3525 21.3824 21.4137 21.4454 21.4747 21.5042 21.5339 21.5636 21.5937 21.623 21.6527 21.6825 21.7135 21.7455 21.775 21.805 21.8349 21.8645 21.8947 21.9244 21.9538 21.9837 22.0137 22.0438 22.0747 22.1045 22.1341 22.1636 22.1931 22.2225 22.2523 22.2817 22.3111 22.3414 22.3706 22.4012 22.4305 22.4611 22.4906 22.5213 22.5517 22.5812 22.6117 22.6414 22.674 22.7039 22.7338 22.7637 22.7946 22.8246 22.8545 22.8838 22.9135 22.9429 22.9724 23.002 23.0315 23.0616 23.091 23.1206 23.1517 23.1824 23.2117 23.241 23.2745 23.3036 23.3335 23.3631 23.3924 23.4217 23.4511 23.4802 23.5102 23.5403 23.5721 23.6015 23.6317 23.6613 23.6902 23.7205 23.7508 23.7811 23.8106 23.8416 23.8747 23.9064 23.9356 23.9648 23.9943 24.0236 24.0533 24.0823 24.1114 24.1417 24.1713 24.2005 24.2317 24.2617 24.2925 24.3219 24.3515 24.381 24.4101 24.4405 24.4745 24.5038 24.5335 24.563 24.5925 24.6218 24.6516 24.6823 24.7119 24.7427 24.7726];
