t = [0.0128506 0.0253104 0.032269 0.0397423 0.0468466 0.0557895 0.0633378 0.0721657 0.0801144 0.0877062 0.0971457 0.10798 0.116851 0.125623 0.133171 0.140943 0.148579 0.158147 0.167447 0.175706 0.183163 0.190972 0.198521 0.20769 0.216286 0.225188 0.235655 0.243132 0.255736 0.265575 0.272911 0.281338 0.288553 0.295874 0.303303 0.311918 0.320361 0.328168 0.337676 0.34571 0.353816 0.36132 0.370329 0.378335 0.387136 0.395815 0.403777 0.412373 0.420518 0.429659 0.438092 0.44831 0.460129 0.467449 0.476298 0.485278 0.493035 0.500548 0.508322 0.517918 0.5265 0.535371 0.544025 0.551892 0.55979 0.569923 0.577699 0.586337 0.595213 0.60301 0.61198 0.61978 0.627677 0.636472 0.649435 0.656543 0.663785 0.67214 0.67964 0.687242 0.695733 0.70341 0.711639 0.721135 0.729429 0.73716 0.745737 0.753742 0.761337 0.770539 0.779715 0.787429 0.795732 0.803275 0.811854 0.8206 0.828404 0.836605 0.849613 0.856771 0.864047 0.87292 0.880245 0.888269 0.896539 0.90532 0.913282 0.921806 0.929736 0.937431 0.946115 0.954963 0.962964 0.97139 0.979728 0.987338 0.995735 1.00324 1.01136 1.02036 1.02814 1.03724 1.04977 1.05762 1.06565 1.07378 1.08095 1.08863 1.09721 1.1057 1.11546 1.12333 1.13145 1.13967 1.14723 1.15659 1.16652 1.17536 1.1832 1.19146 1.19968 1.20762 1.2163 1.22519 1.23318 1.24165 1.24973 1.25681 1.26559 1.27362 1.28165 1.2897 1.2974 1.30573 1.31394 1.3218 1.33035 1.33833 1.34717 1.35573 1.36334 1.37135 1.38028 1.38803 1.39664 1.40533 1.41378 1.42224 1.43133 1.43975 1.44782 1.46124 1.46945 1.47721 1.48654 1.49573 1.50378 1.51201 1.5199 1.5277 1.5552 1.5777 1.59995 1.61577 1.64096 1.65481 1.67052 1.67761 1.68664 1.69575 1.70365 1.71144 1.71969 1.72774 1.7374 1.7463 1.75584 1.76514 1.7732 1.78108 1.78976 1.79766 1.80609 1.81542 1.82316 1.83183 1.83972 1.8497 1.85696 1.86542 1.87328 1.88064 1.89051 1.8984 1.90763 1.91634 1.92634 1.93565 1.94364 1.95124 1.95993 1.96769 1.97576 1.98379 1.99166 2.00055 2.00827 2.01742 2.02618 2.03498 2.04296 2.05568 2.06288 2.07049 2.0777 2.08583 2.09378 2.10141 2.10995 2.11767 2.12584 2.13365 2.14255 2.15104 2.1602 2.16812 2.17735 2.18654 2.1954 2.20315 2.21114 2.21966 2.22729 2.2374 2.24945 2.25656 2.26501 2.27313 2.28092 2.28843 2.29742 2.30612 2.31535 2.32309 2.33064 2.33842 2.34711 2.35569 2.36384 2.37179 2.3797 2.38762 2.39699 2.40565 2.41377 2.42204 2.42967 2.43765 2.44972 2.45706 2.46542 2.4738 2.48131 2.49042 2.49847 2.50704 2.51572 2.52365 2.53135 2.53972 2.54997 2.55743 2.56768 2.57644 2.58528 2.59322 2.60118 2.60972 2.61772 2.62704 2.63609 2.64379 2.65612 2.66375 2.67229 2.68017 2.68811 2.69708 2.70643 2.71534 2.72323 2.73125 2.73973 2.74744 2.75626 2.7654 2.77312 2.78061 2.78849 2.79725 2.80569 2.81378 2.82231 2.83011 2.83825 2.84969 2.8608 2.86852 2.87746 2.88619 2.89385 2.90304 2.911 2.91968 2.92771 2.93576 2.94366 2.95231 2.96044 2.96862 2.97721 2.98643 2.99523 3.00524 3.01322 3.02169 3.02966 3.03721 3.04969 3.06033 3.06797 3.07721 3.08624 3.09381 3.10209 3.11049 3.11861 3.12772 3.13635 3.14533 3.15527 3.16319 3.17136 3.17975 3.18743 3.19633 3.20622 3.21567 3.22376 3.2314 3.23966 3.25611 3.26353 3.27086 3.27977 3.28702 3.29569 3.30388 3.31186 3.32008 3.32815 3.33701 3.34573 3.35325 3.36118 3.37019 3.37864 3.38762 3.39576 3.4039 3.41192 3.42011 3.42816 3.43649 3.44871 3.45962 3.46715 3.47686 3.48515 3.49308 3.5006 3.50974 3.51766 3.52622 3.53544 3.54314 3.55132 3.56049 3.56842 3.57736 3.58635 3.59506 3.60304 3.6121 3.62046 3.62858 3.63761 3.64972 3.66101 3.66863 3.67765 3.68648 3.69529 3.70294 3.71209 3.72046 3.72843 3.73742 3.74662 3.75563 3.76573 3.77325 3.78098 3.7897 3.79727 3.80626 3.81645 3.82569 3.83327 3.84129 3.84961 3.85675 3.86568 3.87536 3.88246 3.89022 3.8981 3.9065 3.91648 3.92531 3.93367 3.94125 3.94859 3.9571 3.96781 3.97625 3.98516 3.99288 4.00057 4.0083 4.0184 4.02708 4.03564 4.04311 4.05553 4.06325 4.07109 4.07828 4.0866 4.09565 4.10314 4.11113 4.121 4.1284 4.13737 4.14572 4.15335 4.16136 4.17119 4.17972 4.18723 4.1957 4.20319 4.21133 4.21971 4.22768 4.23625 4.24383 4.25578 4.26302 4.27304 4.28033 4.28778 4.29705 4.30542 4.31374 4.32344 4.33118 4.3397 4.34767 4.3565 4.36569 4.37497 4.38295 4.39053 4.39845 4.40709 4.41584 4.42514 4.43293 4.44102 4.4497 4.45679 4.46515 4.47304 4.48095 4.48995 4.4977 4.50652 4.51565 4.52379 4.53288 4.54052 4.54842 4.55726 4.56653 4.57642 4.58535 4.59361 4.60127 4.60976 4.61863 4.6285 4.63725 4.64943 4.65678 4.66487 4.67317 4.68063 4.68968 4.69725 4.70627 4.71563 4.72331 4.73178 4.73973 4.74819 4.7565 4.7657 4.7738 4.78232 4.79092 4.79832 4.80744 4.81627 4.82386 4.83138 4.83976 4.84963 4.85661 4.8638 4.8714 4.88047 4.88841 4.89716 4.90623 4.9153 4.92366 4.93237 4.94017 4.94831 4.95739 4.96619 4.97539 4.98521 4.99307 5.001 5.0097 5.01743 5.02614 5.03381 5.0417 5.0496 5.05658 5.06401 5.07297 5.08058 5.0897 5.09774 5.10613 5.1157 5.1232 5.13129 5.1397 5.14728 5.15575 5.16387 5.17133 5.17979 5.18741 5.19574 5.20328 5.21167 5.21967 5.22744 5.23977 5.24757 5.25561 5.2629 5.2705 5.27814 5.28966 5.29761 5.30569 5.31331 5.32165 5.32972 5.33728 5.34573 5.35325 5.36117 5.37016 5.37767 5.38726 5.39636 5.40498 5.41312 5.4213 5.42975 5.43795 5.44957 5.45656 5.46412 5.47183 5.47979 5.48773 5.49711 5.50565 5.51492 5.52233 5.53041 5.53831 5.54663 5.55574 5.56384 5.57186 5.58015 5.58776 5.59663 5.60533 5.61505 5.62293 5.63097 5.63863 5.64954 5.65655 5.66533];
