t = [0.035282 0.0463372 0.0528417 0.0618043 0.0697549 0.0774546 0.0844662 0.0953842 0.102569 0.109282 0.118731 0.126787 0.136416 0.144484 0.152425 0.158766 0.166035 0.173417 0.190735 0.197554 0.204411 0.214175 0.220954 0.23205 0.238581 0.245867 0.252594 0.259397 0.266258 0.27363 0.282551 0.289279 0.296208 0.302722 0.309736 0.316632 0.323495 0.334379 0.344676 0.351893 0.358548 0.3659 0.372549 0.381194 0.388033 0.395733 0.402538 0.410465 0.417616 0.425956 0.432778 0.439933 0.44661 0.453427 0.463397 0.471234 0.478299 0.486062 0.49268 0.499509 0.506281 0.513214 0.520832 0.527827 0.534501 0.542543 0.549205 0.556092 0.562677 0.569495 0.576186 0.582826 0.589816 0.596409 0.603211 0.621233 0.628416 0.635898 0.642615 0.64955 0.656254 0.663237 0.674498 0.682838 0.689877 0.69647 0.703382 0.711375 0.71834 0.725875 0.732706 0.739928 0.746622 0.754395 0.761915 0.775827 0.782586 0.789226 0.796068 0.802755 0.80984 0.816584 0.824462 0.831964 0.838614 0.845939 0.852634 0.859469 0.866425 0.87324 0.882457 0.888823 0.896066 0.902757 0.90959 0.91646 0.92337 0.934534 0.942729 0.94972 0.956311 0.963187 0.971753 0.978283 0.985823 0.992528 0.999241 1.00606 1.01285 1.0247 1.03255 1.03987 1.04654 1.05331 1.06099 1.06787 1.07457 1.08256 1.08939 1.09619 1.10282 1.10982 1.11658 1.12363 1.13446 1.14455 1.15197 1.15865 1.16592 1.17259 1.18115 1.18802 1.1958 1.20527 1.21224 1.21882 1.22602 1.23273 1.23975 1.24649 1.25604 1.26277 1.26961 1.27635 1.28287 1.291 1.29809 1.3051 1.3159 1.32533 1.33246 1.33882 1.3461 1.3527 1.35954 1.37148 1.3783 1.38579 1.39249 1.39917 1.40608 1.41326 1.42328 1.43086 1.43774 1.44442 1.45452 1.4624 1.46883 1.476 1.48266 1.48952 1.49629 1.50321 1.51097 1.51793 1.5247 1.53613 1.54468 1.55249 1.55922 1.56606 1.57263 1.57941 1.58611 1.59267 1.64623 1.65732 1.6681 1.67646 1.68348 1.71615 1.72282 1.73656 1.76028 1.77148 1.77832 1.78618 1.79278 1.81539 1.82227 1.82883 1.83612 1.84317 1.85038 1.8614 1.87052 1.88137 1.88847 1.89686 1.90648 1.91341 1.92442 1.93438 1.94157 1.94996 1.95658 1.97322 1.98078 1.98752 1.99537 2.00218 2.00883 2.01607 2.02598 2.03274 2.03959 2.04632 2.05321 2.06646 2.07448 2.08246 2.08919 2.09611 2.10271 2.10961 2.11675 2.12737 2.1343 2.14117 2.14816 2.15516 2.1621 2.16875 2.17857 2.18952 2.19623 2.20278 2.20979 2.21639 2.22329 2.23113 2.23812 2.2451 2.25227 2.25882 2.26597 2.27263 2.27947 2.2863 2.29286 2.30084 2.30788 2.31456 2.3227 2.32956 2.33631 2.34282 2.35002 2.35662 2.36444 2.37857 2.38583 2.39257 2.39926 2.40614 2.41282 2.41984 2.42653 2.43335 2.44118 2.45083 2.45795 2.46474 2.47679 2.48479 2.49215 2.4987 2.50596 2.51264 2.51947 2.52635 2.53329 2.54147 2.55472 2.56205 2.57604 2.58263 2.58933 2.59616 2.60271 2.60973 2.61631 2.62322 2.63532 2.64264 2.64951 2.6563 2.66323 2.67095 2.68137 2.68821 2.69518 2.70215 2.70872 2.71596 2.72265 2.72956 2.73636 2.743 2.74985 2.75654 2.76331 2.77787 2.78584 2.79253 2.79901 2.81188 2.81874 2.82636 2.83322 2.8444 2.85239 2.85877 2.86593 2.8726 2.8804 2.88728 2.89441 2.90223 2.90884 2.91608 2.92275 2.92975 2.93784 2.94448 2.95574 2.96258 2.97545 2.98223 2.9888 2.99589 3.00259 3.00933 3.01627 3.02321 3.03445 3.04279 3.04982 3.0564 3.06317 3.07 3.07659 3.08346 3.09584 3.1026 3.1095 3.1165 3.12341 3.13472 3.14255 3.14915 3.15609 3.16277 3.17363 3.18595 3.19259 3.19942 3.20644 3.21334 3.22139 3.23257 3.24201 3.24865 3.25593 3.2626 3.26933 3.27622 3.28279 3.29007 3.29673 3.3045 3.31447 3.32438 3.33451 3.34271 3.34955 3.35637 3.36304 3.37913 3.38596 3.39296 3.39983 3.40663 3.41451 3.42573 3.43249 3.43884 3.44603 3.4527 3.45952 3.46631 3.47283 3.48096 3.48791 3.49473 3.50614 3.51283 3.51981 3.52644 3.53331 3.54632 3.55441 3.56244 3.56898 3.57593 3.59075 3.60075 3.60758 3.61467 3.62601 3.63266 3.63949 3.64657 3.65335 3.66116 3.67081 3.67943 3.68746 3.69437 3.70141 3.71194 3.71857 3.72595 3.73265 3.73956 3.74728 3.75731 3.76445 3.78269 3.78954 3.7962 3.80286 3.81264 3.81951 3.82631 3.83285 3.84097 3.84797 3.85476 3.86586 3.87586 3.88446 3.89267 3.89953 3.90634 3.91286 3.91987 3.92683 3.93745 3.94456 3.95282 3.95983 3.97147 3.97813 3.9856 3.99244 3.99886 4.00591 4.01265 4.02533 4.03242 4.03885 4.046 4.05278 4.06004 4.06673 4.07635 4.08437 4.09137 4.09826 4.10527 4.11214 4.11869 4.12592 4.13269 4.1395 4.14645 4.1533 4.16104 4.17158 4.17812 4.18576 4.1925 4.19913 4.20608 4.21273 4.2196 4.2263 4.23303 4.24 4.24663 4.25353 4.26196 4.26852 4.27596 4.28261 4.28945 4.29629 4.30325 4.311 4.31799 4.32472 4.33197 4.33864 4.34593 4.35264 4.36043 4.37265 4.37957 4.38612 4.39269 4.39976 4.40664 4.41475 4.42472 4.43209 4.43873 4.44595 4.45266 4.45957 4.46637 4.47331 4.48124 4.48826 4.49514 4.5021 4.50869 4.5166 4.52477 4.53263 4.53955 4.54631 4.55283 4.5608 4.57175 4.57829 4.58577 4.59246 4.59903 4.60642 4.61334 4.62664 4.63539 4.64455 4.65257 4.65943 4.66636 4.67329 4.68096 4.68791 4.69453 4.70258 4.70934 4.71627 4.72286 4.72985 4.73669 4.74632 4.75438 4.76138 4.76977 4.77643 4.78302 4.79059 4.79742 4.80745 4.81436 4.82433 4.83126 4.83825 4.84586 4.8526 4.85928 4.86613 4.87273 4.87962 4.88633 4.89321 4.90533 4.91256 4.91943 4.92749 4.93443 4.94615 4.95278 4.95976 4.9699 4.97753 4.9853 4.99206 4.99856 5.00578 5.01285 5.02532 5.03451 5.04444 5.05249 5.05921 5.06608 5.07348 5.08191 5.08845 5.09593 5.1026 5.10945 5.11638 5.12317 5.12995 5.13657 5.14343 5.15262 5.16197 5.17981 5.18755 5.19442 5.20242 5.20884 5.2161 5.22268 5.22957 5.2363 5.24321 5.25532 5.26241 5.26886 5.27669 5.28474 5.29563 5.30258 5.30935 5.31625 5.32285 5.32987 5.33656 5.34348 5.35267 5.35953 5.37077 5.37826 5.38576 5.39253 5.39912 5.40598 5.41267 5.41958 5.42638 5.43322 5.44026 5.4503 5.45682 5.46661 5.47535 5.48266 5.48951 5.49633 5.50321 5.51083 5.51784 5.52453 5.53577 5.54259 5.54925 5.55609 5.56274 5.57025 5.57672 5.58578 5.59245 5.59897 5.60588 5.61287 5.62577 5.63263 5.63945 5.64626 5.65281 5.65988 5.66651 5.67343 5.68474 5.69215 5.69883 5.70599 5.71269 5.71952 5.72631 5.73474 5.74577 5.75251 5.75921 5.76603 5.77538 5.78218 5.7887 5.79584 5.80281 5.81059 5.82203 5.82867 5.83647 5.84334 5.85436 5.86237 5.86884 5.876 5.88271 5.88963 5.89633 5.90301 5.90991 5.91659 5.92347 5.93271 5.94002 5.94673 5.95526 5.96215 5.96997 5.97759 5.98541 5.99585 6.00273 6.01213 6.01872 6.02593 6.03257 6.0394 6.04629 6.05325 6.06081 6.06785 6.07456 6.0825 6.08919 6.09609 6.10274 6.10959 6.11648 6.12331 6.13135 6.1383 6.14593 6.1526 6.15932 6.16622 6.17271 6.17953 6.18611 6.19272 6.19975 6.2119 6.21857 6.22596 6.23258 6.23952 6.24656 6.2534 6.26441 6.27226 6.27882 6.28604 6.29269 6.2995 6.30631 6.31286 6.31984 6.32668 6.33629 6.34439 6.35241 6.35884 6.36614 6.37263 6.38126 6.38804 6.39574 6.40252 6.40928 6.41637 6.42324 6.43439 6.44161 6.44838 6.4558 6.46275 6.46977 6.47637 6.48363 6.49449 6.50216 6.50878 6.51607 6.52273 6.52959 6.53633 6.54315 6.54998 6.55827 6.56592 6.57251 6.57914 6.58594 6.59254 6.59914 6.61144 6.61831 6.62584 6.63262 6.6393 6.64622 6.65353 6.66517 6.67215 6.6787 6.68592 6.69262 6.69933 6.7062 6.71303 6.71988 6.72657 6.73336 6.74457 6.75253 6.76142 6.77177 6.77975 6.79044 6.79703 6.81744 6.82436 6.83446 6.84252 6.85202 6.85886 6.87031 6.87883 6.88678 6.89682 6.90657 6.91552 6.92442 6.93248 6.94158 6.94843 6.95593 6.96264 6.97531 6.98209 6.98866 6.99583 7.00257 7.01752 7.02597 7.03279 7.04283 7.06299 7.06982 7.07637 7.08283 7.08973 7.0963 7.10317 7.10993 7.11654 7.12336 7.13136 7.13843 7.14593 7.1527 7.15946 7.17439 7.18145 7.18856 7.19584 7.20247 7.20911 7.21599 7.22264 7.22945 7.23641 7.24321 7.25083 7.25785 7.26453 7.27243 7.27928 7.28612 7.29271 7.29958 7.30626 7.31277 7.3196 7.32633 7.33326 7.34103 7.34796 7.3547 7.3625 7.36899 7.38559 7.39246 7.39899 7.406 7.41271 7.41958 7.4263 7.43301 7.44059 7.44791 7.45453 7.46254 7.46918 7.47604 7.48267 7.4895 7.49628 7.50329 7.51097 7.51785 7.52586 7.5326 7.53929 7.54609 7.55278 7.56003 7.57575 7.58249 7.58911 7.59596 7.60258 7.6092 7.61613 7.62271 7.62957 7.63618 7.64285 7.6501 7.65673 7.66448 7.6719 7.6784 7.68583 7.69254 7.69925 7.70605 7.71274 7.71957 7.72627 7.7328 7.73985 7.7471 7.75477 7.76215 7.76884 