t = [0.0225598 0.0434665 0.0611638 0.0752696 0.0937412 0.113391 0.131177 0.151181 0.169272 0.196881 0.213733 0.245294 0.275356 0.301216 0.329761 0.349951 0.368685 0.397518 0.416982 0.441334 0.461238 0.481929 0.501232 0.520951 0.539729 0.559758 0.580817 0.607082 0.62949 0.649334 0.668857 0.689291 0.711214 0.733725 0.751882 0.771335 0.79696 0.815272 0.840687 0.858619 0.876099 0.89692 0.915691 0.941204 0.962109 0.980092 1.00743 1.02931 1.05369 1.07739 1.09576 1.11923 1.13974 1.15918 1.1813 1.21029 1.23366 1.25351 1.26989 1.29324 1.34778 1.41134 1.45532 1.49266 1.51526 1.53698 1.55727 1.57929 1.60799 1.62731 1.64975 1.66577 1.68981 1.71374 1.73129 1.75093 1.77261 1.8072 1.82582 1.85277 1.8734 1.8972 1.91919 1.93869 1.95867 1.97919 2.00277 2.02381 2.0495 2.06983 2.08935 2.11006 2.12776 2.14871 2.16925 2.19321 2.21993 2.24378 2.26426 2.29572 2.32191 2.34096 2.36188 2.37976 2.40385 2.42871 2.4492 2.47255 2.49344 2.51437 2.53489 2.55944 2.57583 2.60009 2.62509 2.65119 2.67083 2.6954 2.71936 2.74194 2.76368 2.78495 2.81152 2.83438 2.85528 2.87888 2.89896 2.92377 2.94551 2.96724 2.99004 3.01438 3.0419 3.06189 3.08538 3.10377 3.12525 3.1486 3.16531 3.19131 3.2175 3.23918 3.25978 3.27927 3.29995 3.32067 3.34326 3.36594 3.39235 3.41262 3.43689 3.4589 3.4847 3.50496 3.52492 3.54524 3.56525 3.59009 3.61229 3.63832 3.6573 3.67573 3.70115 3.72188 3.74125 3.76019 3.78712 3.80998 3.83216 3.84972 3.8705 3.89207 3.9135 3.93128 3.9519 3.97187 4.00008 4.02202 4.04412 4.06412 4.08727 4.10919 4.12583 4.14573 4.17113 4.19852 4.22066 4.24125 4.25979 4.2797 4.29952 4.31776 4.33568 4.35859 4.37928 4.40572 4.43323 4.45695 4.48126 4.50617 4.52574 4.5497 4.56918 4.60002 4.61876 4.64091 4.66118 4.68571 4.70531 4.72935 4.75123 4.77012 4.7935 4.81394 4.83928 4.86146 4.88319 4.90575 4.92415 4.94571 4.96525 4.98994 5.01195 5.0355 5.05875 5.0757 5.09578 5.11897 5.13728 5.15576 5.17582 5.20686 5.2244 5.25116 5.27529 5.30529 5.3337 5.35212 5.3708 5.39552 5.42203 5.44378 5.46697 5.48732 5.52025 5.54034 5.56444 5.58372 5.60842 5.63014 5.6512 5.6712 5.69527 5.71407 5.73325 5.75069 5.76599 5.79112 5.81341 5.83341 5.85523 5.87081 5.89381 5.91063 5.93267 5.95115 5.96717 5.98991 6.01318 6.0339 6.0487 6.06721 6.08547 6.10497 6.12377 6.14239 6.16254 6.18128 6.20979 6.23343 6.25187 6.26874 6.28867 6.3055 6.32317 6.34261 6.36129 6.38686 6.4069 6.42551 6.44377 6.46015 6.47569 6.49527 6.52593 6.5434 6.56578 6.58135 6.60525 6.61994 6.63342 6.64719 6.66015];
x1 = [0 0 0 0 0 0 0.000707731 0.00353865 0.00707731 0.0127392 0.0155701 0.0212319 0.026186 0.0318479 0.0382175 0.0431716 0.0467102 0.0537875 0.0580339 0.0644035 0.0693576 0.0743117 0.0785581 0.0835122 0.0884664 0.0934205 0.0990823 0.105452 0.111114 0.116068 0.12173 0.127392 0.132346 0.138715 0.143669 0.148623 0.155701 0.160655 0.16844 0.172686 0.178348 0.183302 0.188964 0.195334 0.200996 0.206657 0.213735 0.220104 0.226474 0.233551 0.238505 0.244875 0.250537 0.255491 0.262568 0.269645 0.276015 0.281677 0.285923 0.293001 0.308571 0.326264 0.338295 0.348911 0.355989 0.36165 0.36802 0.37439 0.382175 0.388544 0.394914 0.39916 0.406238 0.413315 0.418977 0.424639 0.4303 0.440209 0.446578 0.454363 0.460025 0.467102 0.473472 0.479134 0.484796 0.491165 0.497535 0.503904 0.511689 0.518059 0.523721 0.53009 0.535045 0.541414 0.547076 0.554153 0.562646 0.569723 0.576093 0.586001 0.593078 0.599448 0.60511 0.610772 0.617849 0.625634 0.631296 0.638373 0.644743 0.651112 0.657482 0.664559 0.669513 0.676591 0.684376 0.692161 0.697823 0.705608 0.712685 0.719055 0.725424 0.731794 0.739579 0.747364 0.753026 0.760103 0.765765 0.772842 0.779212 0.785581 0.792659 0.799736 0.808229 0.81389 0.820968 0.82663 0.832999 0.839369 0.845031 0.852816 0.860601 0.86697 0.87334 0.879002 0.885371 0.891741 0.898818 0.905896 0.912973 0.919342 0.927127 0.933497 0.941282 0.947652 0.953313 0.960391 0.966053 0.97313 0.980207 0.987992 0.993654 0.999316 1.00639 1.01276 1.01913 1.02479 1.03258 1.03895 1.04603 1.05098 1.05735 1.06372 1.07009 1.07575 1.08141 1.08778 1.09628 1.10264 1.10972 1.11609 1.12317 1.12954 1.13449 1.14015 1.14794 1.15643 1.1628 1.16917 1.17483 1.1805 1.18686 1.19182 1.19748 1.20456 1.21093 1.21871 1.22791 1.23428 1.24207 1.24985 1.25551 1.26259 1.26896 1.27816 1.28382 1.2909 1.29656 1.30435 1.3093 1.31709 1.32346 1.32912 1.33549 1.34186 1.34964 1.35601 1.36238 1.36875 1.37441 1.38078 1.38715 1.39423 1.40131 1.40768 1.41475 1.41971 1.42679 1.43316 1.43882 1.44448 1.45085 1.46076 1.46571 1.4735 1.48128 1.49048 1.49827 1.50322 1.50888 1.51596 1.52304 1.52941 1.53648 1.54215 1.54781 1.5471 1.54639 1.5471 1.54781 1.54781 1.54781 1.54781 1.54781 1.5471 1.5471 1.54781 1.54781 1.5471 1.54781 1.54781 1.5471 1.54781 1.5471 1.5471 1.54781 1.5471 1.5471 1.54781 1.5471 1.5471 1.54781 1.5471 1.54781 1.5471 1.5471 1.54781 1.54852 1.54852 1.54781 1.54781 1.54852 1.54852 1.54781 1.54781 1.54852 1.54852 1.54781 1.54852 1.54852 1.54781 1.54781 1.54852 1.54852 1.54781 1.54852 1.54852 1.54781 1.54781 1.54852 1.54852 1.54781 1.54781 1.54781];
x2 = [0 0 0 0 0 0 0 0.0337689 0.170664 0.19503 0.187751 0.153881 0.159138 0.203725 0.235674 0.225261 0.212117 0.223845 0.234866 0.239719 0.249829 0.236382 0.223137 0.245987 0.234259 0.247504 0.242651 0.254075 0.256704 0.253469 0.264894 0.262467 0.252761 0.264085 0.272982 0.27096 0.25539 0.267826 0.279756 0.283092 0.276419 0.276217 0.274802 0.262871 0.275307 0.279958 0.271769 0.274903 0.272982 0.278239 0.279756 0.276824 0.271769 0.261456 0.27278 0.28289 0.278442 0.270454 0.272274 0.274094 0.284811 0.279655 0.284912 0.282385 0.285519 0.28471 0.289159 0.291282 0.289563 0.291181 0.291686 0.290271 0.291282 0.291484 0.28835 0.294618 0.293102 0.291181 0.291585 0.291181 0.290675 0.290776 0.295326 0.293506 0.291383 0.289765 0.291484 0.291181 0.297449 0.301797 0.302909 0.301493 0.296135 0.289765 0.290978 0.29846 0.300482 0.299168 0.303313 0.30483 0.303414 0.299572 0.3021 0.301291 0.29846 0.299067 0.297651 0.29664 0.298764 0.298056 0.297348 0.301392 0.301797 0.300078 0.298157 0.295023 0.295023 0.297146 0.299673 0.292495 0.290372 0.293304 0.299572 0.302605 0.299673 0.297348 0.297854 0.292798 0.298157 0.298056 0.297045 0.296944 0.294113 0.294719 0.293708 0.295629 0.30028 0.302605 0.302909 0.301392 0.299673 0.3021 0.296135 0.297045 0.305639 0.303718 0.303718 0.299977 0.301392 0.307964 0.30574 0.304122 0.295933 0.297854 0.303819 0.301797 0.303111 0.298258 0.298662 0.305841 0.299168 0.297854 0.295326 0.301493 0.308672 0.304324 0.29482 0.295427 0.290877 0.298359 0.294719 0.29199 0.302504 0.302403 0.304526 0.303617 0.301594 0.301999 0.304931 0.303617 0.302201 0.301089 0.299269 0.304324 0.303313 0.302605 0.298966 0.302201 0.304122 0.300685 0.297752 0.297449 0.297449 0.306852 0.307863 0.304425 0.299876 0.305032 0.303313 0.3021 0.305234 0.30847 0.311604 0.313828 0.301594 0.294719 0.29573 0.294922 0.290877 0.291686 0.295832 0.301291 0.295023 0.295427 0.294719 0.300685 0.301594 0.293405 0.290776 0.289664 0.294113 0.305841 0.303515 0.298258 0.297752 0.299775 0.308773 0.306144 0.301797 0.306245 0.311098 0.315446 0.308368 0.301797 0.299168 0.297752 0.291181 0.283396 0.2838 0.286631 0.284103 0.28653 0.289664 0.288148 0.20595 0.0553041 -0.0339711 -0.00768394 0.0266916 0.0199176 0.015469 0.0125369 0.0102115 -0.00303313 -0.0092005 -0.00808835 0.00859387 0.00090994 -0.0140535 0.0090994 -0.0156712 -0.0166822 0.0195132 -0.0210297 -0.00556074 0.0180977 -0.0210297 -0.00586406 0.00727952 -0.0182999 0.0113237 0.000404418 -0.0200187 0.0240628 -0.023254 0.0278037 0.0216363 0.0198165 0.00980713 -0.0140535 0.00343755 0.0132447 -0.000808835 -0.0150646 -0.00849277 0.0150646 0.00414528 -0.0148623 0.0122336 0.00434749 -0.0166822 -0.00940271 0.0166822 0.0137502 -0.0141546 0.0126381 0.00434749 -0.0168844 0.00475191 0.0159745 0.0092005 -0.0170866 -0.0146601];
