t = [1.1127e-05 0.00965721 0.0153424 0.0182838 0.0196971 0.0225932 0.0262197 0.0281218 0.0300299 0.0319817 0.0332314 0.0347512 0.037957 0.0397336 0.0416937 0.0427559 0.0445752 0.047234 0.0488247 0.0506201 0.0524644 0.0541095 0.0565879 0.0584244 0.0601935 0.0621444 0.0638055 0.065234 0.0680367 0.0698105 0.0717748 0.0728213 0.076514 0.0783842 0.0801633 0.0821067 0.0837387 0.0849131 0.087988 0.0897679 0.0918891 0.0929473 0.0947387 0.0978182 0.0991777 0.122388 0.136964 0.147833 0.159949 0.178073 0.189259 0.208561 0.218887 0.230074 0.242036 0.253684 0.272965 0.282436 0.297078 0.3125 0.321506 0.332949 0.346751 0.358294 0.372505 0.381594 0.393889 0.407049 0.417464 0.433618 0.44822 0.457255 0.467166 0.478867 0.494314 0.50919 0.521231 0.531734 0.547942 0.55785 0.568834 0.584629 0.598016 0.610554 0.62695 0.63989 0.654551 0.670224 0.684838 0.698167 0.712531 0.721636 0.734598 0.749235 0.759232 0.778771 0.791716 0.803766 0.815238 0.82802 0.842563 0.854146 0.868181 0.882567 0.898276 0.90824 0.920922 0.930148 0.948088 0.959513 0.972104 0.986527 1.00845 1.0189 1.03133 1.04059 1.05478 1.07484 1.08495 1.09909 1.11843 1.12868 1.14108 1.15015 1.16676 1.18445 1.20506 1.2248 1.2488 1.26491 1.2781 1.29061 1.30785 1.3194 1.33896 1.35446 1.36823 1.3774 1.39252 1.40798 1.41726 1.42909 1.44137 1.45805 1.46835 1.52278 1.55276 1.5799 1.60226 1.63312 1.64859 1.66488 1.68025 1.69489 1.70737 1.72263 1.73183 1.74393 1.75824 1.7684 1.7848 1.7988 1.81428 1.82535 1.838 1.85209 1.86468 1.88109 1.89804 1.90887 1.92399 1.93708 1.9534 1.96861 1.98152 1.99384 2.00803 2.02162 2.03255 2.0421 2.05788 2.07179 2.08457 2.09884 2.11824 2.12973 2.14321 2.1525 2.16517 2.18515 2.19661 2.2111 2.22807 2.23888 2.25379 2.26738 2.28262 2.29187 2.30455 2.32135 2.33053 2.34539 2.36041 2.37716 2.38822 2.40468 2.42011 2.43477 2.44817 2.45989 2.4781 2.48869 2.50887 2.52349 2.53465 2.54696 2.56386 2.57974 2.59237 2.6072 2.62858 2.64473 2.65694 2.6711 2.68807 2.69877 2.71383 2.72545 2.74821 2.7587 2.77334 2.78482 2.79814 2.81106 2.82832 2.84018 2.85495 2.86871 2.88388 2.89627 2.91817 2.92895 2.94136 2.9572 2.97369 2.98897 3.00049 3.01316 3.03633 3.04676 3.05725 3.06996 3.08484 3.09936 3.11677 3.12918 3.14879 3.16485 3.17911 3.19145 3.20816 3.21946 3.23707 3.24783 3.26395 3.2788 3.29139 3.30148 3.31883 3.33335 3.34891 3.36695 3.38122 3.39022 3.4069 3.42135 3.43438 3.44982 3.4672 3.48336 3.49984 3.51713 3.5302 3.54001 3.55687 3.57376 3.58856 3.60063 3.61389 3.62811 3.6418 3.65383 3.66719 3.68271 3.69265 3.70477 3.7192 3.73143 3.74814 3.75805 3.76871 3.78336 3.79451 3.81479 3.82517 3.84004 3.85513 3.86975 3.88251 3.89743 3.9126 3.92294 3.93793 3.95439 3.96805 3.98216 3.9946 4.00908 4.02863 4.0446 4.05834 4.06839 4.08389 4.09949 4.11235 4.12781 4.14423 4.15917 4.17162 4.18115 4.19488 4.21494 4.22634 4.23952 4.25896 4.27414 4.28782 4.29947 4.31892 4.33782 4.35003 4.36214 4.37816 4.38976 4.40726 4.41922 4.43887 4.45506 4.4705 4.48808 4.49808 4.50925 4.52642 4.54916 4.56437 4.57696 4.58913 4.60876 4.62447 4.63695 4.6495 4.66903 4.68427 4.69886 4.71166 4.72804 4.73806 4.75425 4.76695 4.7838 4.79539 4.81028 4.82042 4.83805 4.84801 4.86161 4.87514 4.89824 4.90936 4.92172 4.93147 4.94487 4.9598 4.97653 4.98942 5.0095 5.01941 5.03428 5.04693 5.06448 5.07939 5.09138 5.10123 5.11792 5.13121 5.1439 5.15893 5.17907 5.19509 5.20992 5.22716 5.2402 5.2497 5.26542 5.28816 5.29816 5.30861 5.32486 5.33822 5.35125 5.36808 5.38241 5.39811 5.40895 5.42719 5.43811 5.45475 5.46914 5.48407 5.49721 5.51719 5.52891 5.54045 5.5532 5.5664 5.58255 5.5918 5.60406 5.61819 5.63191 5.64472 5.65921 5.67875 5.69411 5.70683 5.71923 5.7389 5.75441 5.7683 5.77825 5.79263 5.80321 5.81792 5.83414 5.84805 5.86115 5.87989 5.89013 5.9049 5.92013 5.93544 5.94869 5.96886 5.98526 5.99889 6.0112 6.02818 6.03812 6.05193 6.06725 6.08398 6.09949 6.11337 6.12781 6.14407 6.15904 6.1769 6.19811 6.21712 6.23426 6.25338 6.26249 6.27414 6.29001 6.30207 6.31808 6.32919 6.34636 6.36115 6.37879 6.3948 6.40831 6.41829 6.43269 6.44362 6.46021 6.47028 6.48514 6.49973 6.51517 6.52938 6.54893 6.56466 6.57811 6.5876 6.60263 6.61363 6.63003 6.64237 6.65738 6.6714 6.68452 6.6983 6.71257 6.72285 6.73687 6.75144 6.76634 6.77946 6.78911 6.80539 6.82326 6.83795 6.84744 6.8604 6.87236 6.88838 6.9048 6.91721 6.9283 6.94823 6.96 6.97671 6.98804 7.00457 7.01945 7.03208 7.0472 7.06382 7.07922 7.09041 7.10486 7.12813 7.13808 7.15391 7.16675 7.18321 7.19274 7.20494 7.22169 7.23624 7.24539 7.26111 7.27231 7.28806 7.30161 7.31771 7.32952 7.34969 7.35941 7.37208 7.38516 7.40307 7.41243 7.4267 7.44208 7.45782 7.47134 7.48289 7.49522 7.51338 7.52255 7.53672 7.54995 7.56724 7.58053 7.59002 7.6069 7.62369 7.63541 7.64874 7.66173 7.67645 7.68947 7.70136 7.71424 7.72817 7.74117];
x1 = [0 0 0 0 0 0 0 0 0 0 0 0 0 0 0 0 0 0 0 0 0 0 0 0 0 0 0 0 0 0 0 0 0 0 0 0 0 0 0 0 0 0 0 0 0 0 0 0 0 0 0 0 0 0 0 0 0 0 0 0 0 0 0 0 0 0 0 0 0 0 0 0 0 0 -1 -1 -1 -1 -1 -1 -1 -3 -4 -6 -7 -8 -8 -7 -7 -8 -9 -10 -11 -13 -13 -14 -14 -15 -15 -16 -17 -18 -19 -20 -21 -22 -22 -23 -24 -25 -26 -28 -30 -31 -32 -33 -33 -35 -35 -37 -40 -41 -43 -43 -44 -45 -47 -50 -54 -56 -58 -59 -60 -61 -64 -66 -69 -70 -72 -74 -75 -76 -78 -80 -82 -92 -97 -100 -103 -109 -113 -116 -118 -120 -121 -124 -125 -128 -131 -133 -137 -139 -142 -143 -145 -148 -151 -154 -158 -160 -163 -165 -169 -172 -175 -178 -181 -185 -187 -189 -192 -195 -199 -202 -207 -211 -215 -217 -223 -225 -228 -231 -236 -239 -244 -248 -252 -255 -258 -263 -267 -271 -275 -279 -283 -288 -293 -297 -301 -305 -311 -315 -321 -326 -329 -333 -339 -344 -349 -354 -362 -367 -371 -375 -381 -385 -391 -396 -405 -408 -413 -416 -420 -425 -431 -436 -442 -447 -453 -457 -465 -469 -474 -481 -487 -493 -498 -503 -511 -515 -520 -525 -531 -537 -545 -550 -558 -565 -570 -575 -583 -588 -596 -601 -609 -616 -621 -626 -633 -639 -646 -655 -663 -667 -675 -682 -688 -695 -703 -711 -719 -729 -735 -740 -749 -756 -763 -769 -775 -783 -789 -795 -802 -809 -813 -820 -826 -832 -840 -845 -852 -858 -863 -873 -879 -885 -895 -900 -906 -913 -921 -926 -933 -941 -947 -954 -960 -968 -977 -985 -992 -997 -1005 -1013 -1019 -1027 -1035 -1043 -1049 -1054 -1061 -1070 -1075 -1081 -1091 -1099 -1107 -1113 -1121 -1131 -1136 -1141 -1149 -1154 -1163 -1169 -1179 -1186 -1194 -1202 -1207 -1212 -1221 -1232 -1240 -1246 -1252 -1261 -1268 -1274 -1279 -1289 -1298 -1306 -1312 -1320 -1324 -1331 -1336 -1344 -1353 -1358 -1364 -1373 -1378 -1384 -1391 -1401 -1407 -1413 -1419 -1425 -1433 -1441 -1447 -1457 -1462 -1470 -1477 -1485 -1491 -1496 -1501 -1508 -1515 -1521 -1529 -1539 -1548 -1555 -1562 -1567 -1571 -1578 -1589 -1594 -1599 -1608 -1614 -1620 -1627 -1633 -1641 -1646 -1656 -1661 -1670 -1677 -1683 -1689 -1698 -1704 -1710 -1716 -1723 -1731 -1736 -1742 -1748 -1755 -1762 -1768 -1778 -1786 -1792 -1798 -1808 -1815 -1821 -1826 -1833 -1839 -1846 -1854 -1861 -1867 -1876 -1881 -1888 -1896 -1903 -1909 -1919 -1927 -1933 -1940 -1948 -1953 -1959 -1967 -1975 -1983 -1990 -1997 -2005 -2013 -2023 -2032 -2040 -2048 -2057 -2061 -2069 -2075 -2081 -2089 -2095 -2103 -2110 -2119 -2127 -2133 -2138 -2145 -2150 -2159 -2164 -2174 -2178 -2186 -2193 -2202 -2211 -2217 -2222 -2229 -2233 -2241 -2247 -2254 -2261 -2268 -2275 -2281 -2286 -2293 -2299 -2306 -2313 -2318 -2326 -2335 -2342 -2346 -2352 -2357 -2365 -2373 -2379 -2385 -2395 -2400 -2408 -2413 -2421 -2428 -2434 -2443 -2452 -2460 -2465 -2472 -2481 -2486 -2493 -2500 -2509 -2514 -2523 -2529 -2535 -2541 -2547 -2552 -2560 -2567 -2575 -2582 -2592 -2597 -2603 -2609 -2617 -2621 -2629 -2636 -2643 -2650 -2655 -2661 -2669 -2673 -2679 -2684 -2692 -2698 -2702 -2710 -2717 -2723 -2728 -2733 -2740 -2745 -2751 -2756 -2762 -2767];
