t = [0 0.104192 0.13328 0.162421 0.192463 0.222512 0.252788 0.282732 0.312804 0.343328 0.37415 0.404155 0.433365 0.463232 0.493126 0.523102 0.553108 0.583208 0.614245 0.643865 0.673261 0.703297 0.733218 0.763139 0.793217 0.827554 0.860359 0.892457 0.92379 0.954343 0.984374 1.01613 1.04574 1.07747 1.11718 1.14665 1.17743 1.20943 1.23938 1.26914 1.30117 1.33111 1.36123 1.39111 1.42082 1.45016 1.47954 1.50922 1.53982 1.57746 1.61 1.6503 1.68403 1.72017 1.74975 1.77927 1.80854 1.83813 1.86743 1.89653 1.92652 1.95621 1.98545 2.015 2.04452 2.07409 2.10337 2.13257 2.16211 2.19113 2.221 2.25106 2.28195 2.31111 2.34405 2.37379 2.40327 2.43254 2.46242 2.49201 2.52127 2.55121 2.58124 2.61523 2.64464 2.67526 2.70651 2.73555 2.76536 2.79506 2.82438 2.85354 2.88323 2.91284 2.94225 2.97154 3.00198 3.03101 3.06104 3.09111 3.12118 3.15104 3.18119 3.21432 3.24424 3.27334 3.30254 3.33214 3.36167 3.39204 3.42149 3.45208 3.48117 3.51499 3.54436 3.5743 3.6034 3.63259 3.66505 3.69904 3.7286 3.75908 3.78859 3.81854 3.84811 3.87806 3.90734 3.93651 3.96622 3.99631 4.02526 4.05468 4.08435 4.11353 4.14335 4.17252 4.20255 4.23249 4.26502 4.29542 4.32517 4.35806 4.39111 4.42095 4.45025 4.48515 4.51497 4.54432 4.57498 4.60467 4.6344 4.66367 4.69326 4.72254 4.75484 4.7863 4.82012 4.84968 4.87898 4.90849 4.93813 4.96743 4.99656 5.02752 5.05701 5.08644 5.1158 5.14527 5.17512 5.20657 5.23601 5.26535 5.29503 5.32434 5.3535 5.38324 5.41275 5.44222 5.47137 5.50145 5.53201 5.56505 5.59457 5.62385 5.65533 5.68541 5.71502 5.74705 5.77664 5.80827 5.83809 5.87113 5.90246 5.93204 5.96134 5.99504 6.02471 6.05393 6.08328 6.11253 6.14205 6.17126 6.20503 6.23509 6.26502 6.29433 6.32355 6.35329 6.38264 6.41494 6.44444 6.47638 6.50541 6.53519 6.56434 6.59353 6.62552 6.65524 6.68735 6.71669 6.74647 6.77548 6.80499 6.83442 6.86351 6.89332 6.92251 6.95195 6.98109 7.01499 7.04456 7.0741 7.10724 7.13649 7.16633 7.19546 7.22524 7.25521 7.28821 7.31743 7.34656 7.37805 7.41056 7.44016 7.46974 7.4994 7.53204 7.56133 7.59125 7.62734 7.65677 7.68635 7.71575 7.74805 7.78135 7.81426 7.84355 7.87327 7.90258 7.93518 7.9644 7.9935 8.02654 8.05549 8.08653 8.11738 8.14924 8.17907 8.21096 8.24025 8.27221 8.30114 8.33113 8.3614 8.39199 8.42097 8.45059 8.48191 8.51111 8.54353 8.57331 8.60251 8.63238 8.66251 8.69619 8.72542 8.75506 8.78445 8.81341 8.84256 8.87211 8.9011 8.93116 8.96457 8.99402 9.02699 9.05636 9.08578 9.11523 9.14501 9.17499 9.20432 9.2338 9.2633 9.29258 9.32216 9.35126 9.38111 9.41503 9.44465 9.4752 9.50439 9.5335 9.56341 9.596 9.62517 9.65995 9.69314 9.7222 9.75187 9.78109 9.81428 9.84346 9.87326 9.9033 9.93255 9.96207 9.99128 10.0206 10.0502 10.0797 10.1102 10.1397 10.1692 10.1983 10.2275 10.2574 10.2866 10.3163 10.3455 10.3751 10.4043 10.4335 10.4634 10.4944 10.5243];
x1 = [0 0 0.000663225 0.00132645 0.0026529 0.00464257 0.00663225 0.00928515 0.0112748 0.0145909 0.0172438 0.02056 0.0245393 0.0285187 0.032498 0.0378038 0.0417832 0.047089 0.0523948 0.0577006 0.0636696 0.0696386 0.0756076 0.0822399 0.0901986 0.0981573 0.105453 0.112748 0.12137 0.129329 0.138614 0.147236 0.156521 0.167796 0.177081 0.185703 0.194988 0.20361 0.212232 0.221517 0.230802 0.239424 0.248046 0.256668 0.26529 0.273912 0.282534 0.291156 0.302431 0.312379 0.324317 0.333602 0.344877 0.353499 0.362121 0.370743 0.379365 0.387987 0.396609 0.40523 0.413852 0.422474 0.431759 0.440381 0.449003 0.457625 0.466247 0.474869 0.483491 0.492113 0.500735 0.51002 0.518642 0.52859 0.537212 0.545834 0.554456 0.563078 0.572363 0.580985 0.589607 0.598892 0.608177 0.617462 0.626084 0.63537 0.643991 0.653277 0.661899 0.67052 0.679142 0.687764 0.696386 0.705008 0.71363 0.722252 0.730874 0.740159 0.748781 0.758066 0.766688 0.77531 0.785258 0.79388 0.802502 0.811124 0.820409 0.829031 0.837653 0.846938 0.85556 0.864182 0.874131 0.882752 0.891374 0.899996 0.909281 0.918567 0.927189 0.937137 0.946422 0.955044 0.963666 0.972288 0.981573 0.990195 0.998817 1.00744 1.01606 1.02468 1.0333 1.04193 1.05055 1.05983 1.06846 1.07708 1.08636 1.09565 1.10493 1.11355 1.1235 1.13279 1.14141 1.1507 1.16064 1.16927 1.17855 1.18717 1.19579 1.20508 1.2137 1.22232 1.23095 1.24089 1.24952 1.25946 1.26875 1.27737 1.28599 1.29462 1.30324 1.31186 1.32114 1.32977 1.33905 1.34767 1.3563 1.36492 1.3742 1.38282 1.39211 1.40073 1.40935 1.41798 1.4266 1.43522 1.44384 1.45246 1.46175 1.47037 1.48032 1.48894 1.49756 1.50685 1.51547 1.52475 1.53404 1.54266 1.55195 1.56123 1.57052 1.5798 1.58842 1.59771 1.60699 1.61628 1.6249 1.63352 1.64215 1.65077 1.65939 1.66934 1.67862 1.68724 1.69587 1.70449 1.71311 1.72173 1.73168 1.7403 1.74959 1.75821 1.76749 1.77545 1.78474 1.79402 1.80265 1.81193 1.82055 1.82984 1.8378 1.84708 1.8557 1.86433 1.87295 1.88157 1.89019 1.89881 1.90876 1.91738 1.92601 1.93595 1.94458 1.9532 1.96182 1.97044 1.97973 1.98967 1.9983 2.00692 2.0162 2.02549 2.03411 2.0434 2.05202 2.0613 2.06993 2.07921 2.08982 2.09844 2.10707 2.11569 2.12497 2.13492 2.14487 2.15349 2.16211 2.17074 2.18068 2.18931 2.19793 2.20788 2.2165 2.22512 2.2344 2.24369 2.25298 2.26226 2.27088 2.28017 2.28879 2.29741 2.3067 2.31532 2.32394 2.33256 2.34185 2.35113 2.36042 2.36904 2.37766 2.38695 2.39557 2.40552 2.41414 2.42276 2.43138 2.44 2.44863 2.45725 2.46587 2.47516 2.4851 2.49373 2.50301 2.51163 2.52092 2.52954 2.53816 2.54678 2.55541 2.56403 2.57265 2.58127 2.58989 2.59852 2.6078 2.61775 2.62637 2.63566 2.64428 2.6529 2.66152 2.67147 2.68009 2.69004 2.69999 2.70861 2.71723 2.72585 2.7358 2.74442 2.75305 2.76233 2.77095 2.77958 2.7882 2.79682 2.80544 2.81406 2.82335 2.83197 2.84059 2.84921 2.85784 2.86646 2.87508 2.88437 2.89232 2.90161 2.91023 2.91885 2.92748 2.93676 2.94538 2.95599];
