t = [0.0331839 0.072538 0.106502 0.140526 0.173512 0.208271 0.239484 0.269417 0.299379 0.330153 0.363649 0.393462 0.423844 0.457783 0.487952 0.518108 0.548053 0.578573 0.609318 0.639965 0.66963 0.699776 0.733212 0.763229 0.793792 0.826427 0.85899 0.88978 0.919485 0.949306 0.979587 1.00966 1.03949 1.0695 1.09959 1.13041 1.16046 1.19069 1.22093 1.25185 1.28185 1.32347 1.35851 1.4031 1.4486 1.48445 1.52443 1.556 1.58647 1.61916 1.65043 1.68413 1.7163 1.74628 1.77612 1.80632 1.8361 1.86602 1.89604 1.92638 1.95996 1.98976 2.02969 2.06003 2.08965 2.12391 2.15486 2.1846 2.21789 2.24786 2.27783 2.30808 2.33948 2.36981 2.39978 2.43362 2.46382 2.49789 2.52793 2.56305 2.59376 2.6239 2.65485 2.68557 2.71607 2.74638 2.77598 2.80606 2.83629 2.86631 2.8963 2.92787 2.96043 2.99178 3.02467 3.05605 3.08609 3.11649 3.14629 3.1763 3.20632 3.23612 3.26647 3.29656 3.32663 3.35609 3.3888 3.41928 3.44972 3.48045 3.51051 3.54207 3.57482 3.60617 3.63607 3.66603 3.6963 3.72602 3.75521 3.7851 3.8153 3.84906 3.87943 3.90985 3.94468 3.97386 4.00551 4.03525 4.06817 4.10213 4.13184 4.16311 4.19366 4.22493 4.25615 4.28604 4.31645 4.34632 4.3755 4.40641 4.43603 4.46603 4.49629 4.52608 4.55626 4.5861 4.61643 4.64603 4.67611 4.70647 4.73602 4.7687 4.79925 4.8305 4.86084 4.89091 4.92184 4.95177 4.98185 5.0121 5.04208 5.07205 5.10358 5.13377 5.16346 5.19373 5.22775 5.25964 5.28939 5.31981 5.34984 5.37967 5.41344 5.44612 5.47603 5.50546 5.53528 5.56609 5.59617 5.6261 5.65616 5.68601 5.71602 5.74945 5.77924 5.80934 5.83938 5.87175 5.90179 5.93205 5.96257 5.99184 6.02187 6.05187 6.08481 6.11609 6.14604 6.17495 6.20441 6.23495 6.26506 6.29485 6.32806 6.3618 6.39206];
x1 = [0 0 0 0.00424639 0.0127392 0.0226474 0.0276015 0.0311402 0.0382175 0.0467102 0.0537875 0.0580339 0.0636958 0.0728963 0.0799736 0.0849277 0.0905896 0.0976669 0.104744 0.110406 0.116068 0.123853 0.13093 0.135884 0.142254 0.151454 0.158532 0.162778 0.169148 0.17764 0.184718 0.188256 0.193918 0.202411 0.210904 0.21515 0.219397 0.227889 0.23709 0.242044 0.245583 0.256199 0.267522 0.276015 0.282385 0.292293 0.302909 0.307863 0.312109 0.319894 0.328387 0.334049 0.339003 0.346788 0.355281 0.359527 0.363774 0.371559 0.380759 0.386421 0.390667 0.397037 0.408361 0.414023 0.418269 0.426054 0.434547 0.440209 0.445163 0.451532 0.460025 0.466395 0.471349 0.477718 0.485503 0.492581 0.496827 0.504612 0.513105 0.519474 0.524429 0.530798 0.539999 0.546368 0.550615 0.556984 0.565477 0.571847 0.576093 0.581755 0.590248 0.597325 0.602987 0.608649 0.617849 0.624926 0.628465 0.634127 0.644035 0.65182 0.656067 0.659605 0.668098 0.677298 0.682253 0.685791 0.692869 0.702069 0.709146 0.713393 0.718347 0.727547 0.735332 0.739579 0.743825 0.752318 0.760103 0.764349 0.768596 0.776381 0.785581 0.791243 0.795489 0.802567 0.813183 0.818845 0.823091 0.829461 0.839369 0.846446 0.850692 0.857062 0.866263 0.87334 0.877586 0.883248 0.892449 0.900234 0.90448 0.908726 0.916511 0.925004 0.931374 0.934912 0.941282 0.949775 0.956852 0.961099 0.96676 0.974545 0.98233 0.987285 0.992239 1.00002 1.00781 1.01276 1.01772 1.02479 1.03258 1.03824 1.0432 1.05027 1.05806 1.06372 1.06867 1.07504 1.08424 1.08991 1.09415 1.10194 1.11043 1.11538 1.12034 1.12812 1.13591 1.14228 1.14652 1.15289 1.16139 1.16705 1.172 1.17766 1.18191 1.18262 1.18333 1.18333 1.18333 1.18262 1.18333 1.18333 1.18262 1.18262 1.18262 1.18333 1.18333 1.18262 1.18262 1.18262 1.18262 1.18333 1.18333 1.18333 1.18333 1.18333 1.18333];
x2 = [0 0 0 0.0174102 0.226332 0.302343 0.182028 0.0847862 0.171412 0.282809 0.246149 0.140838 0.144802 0.251386 0.258039 0.171554 0.148482 0.231003 0.237373 0.175376 0.161646 0.234825 0.241053 0.149331 0.165184 0.261577 0.243884 0.128524 0.153719 0.272052 0.272618 0.122862 0.121164 0.266107 0.30758 0.174385 0.0849277 0.217273 0.325415 0.210621 0.101206 0.166175 0.331784 0.197882 0.115926 0.228172 0.29569 0.17764 0.118191 0.211045 0.285499 0.177782 0.109274 0.214867 0.292859 0.19038 0.108707 0.193494 0.303192 0.224634 0.112529 0.181745 0.287339 0.221237 0.129798 0.188964 0.280969 0.224492 0.126967 0.17481 0.278421 0.224351 0.146925 0.183019 0.265116 0.225625 0.140555 0.185142 0.275166 0.220246 0.134327 0.179056 0.280828 0.250112 0.138149 0.151313 0.258463 0.259454 0.157682 0.125693 0.241619 0.272759 0.151171 0.138291 0.256623 0.26823 0.124136 0.119607 0.262993 0.310835 0.168157 0.103046 0.19958 0.307155 0.23341 0.114935 0.149048 0.294558 0.275873 0.13461 0.129798 0.251811 0.284083 0.148907 0.121164 0.230013 0.298946 0.173111 0.0894572 0.20963 0.306447 0.207082 0.103895 0.186133 0.287763 0.241053 0.0963929 0.162495 0.286206 0.244167 0.123711 0.139565 0.278421 0.265258 0.131355 0.11904 0.267239 0.308146 0.169572 0.108849 0.212461 0.296398 0.228031 0.120739 0.160655 0.270212 0.255491 0.170138 0.12725 0.232419 0.279412 0.188964 0.122013 0.20963 0.275024 0.202553 0.143528 0.19774 0.250678 0.196183 0.15287 0.208639 0.259029 0.205525 0.135035 0.202269 0.267664 0.192786 0.125127 0.198023 0.280828 0.21784 0.129232 0.187407 0.27743 0.232136 0.144236 0.180047 0.260162 0.211753 0.150888 0.162212 0.165043 0.0495412 0.0239213 0.0164194 0.0120314 0.00212319 -0.00820968 0.00636958 -0.0100498 -0.015287 0.0117483 0.0195334 0.0144377 0.0107575 0.00339711 -0.030574 -0.00481257 -0.0178348 0.00452948 0.0324141 0.0217981 0.0172686 0.0120314];
x3 = [0 0 0 100 100 31.5719 -1.00398 50.5593 92.2345 55.109 7.36746 23.0791 68.2121 66.5135 20.8346 17.9834 55.0483 64.9363 29.57 26.8402 53.4104 59.2947 27.9321 25.2629 64.5723 57.7781 16.4669 24.0497 73.4897 62.6918 11.9778 11.7352 75.9163 76.6442 14.5257 -3.2485 53.835 92.1738 35.4543 -10.892 38.3054 85.1976 57.3535 -13.6218 43.7651 78.8887 30.7832 1.84716 52.4398 77.9181 38.1234 6.21487 52.3791 81.7399 36.4855 3.06041 46.9802 81.9825 45.6456 -1.36796 32.2998 80.3446 50.6806 5.42626 33.7557 72.9438 47.5868 8.15608 32.3605 74.157 53.6531 9.248 32.4211 65.6036 50.1346 14.9503 31.8752 68.3334 49.2247 10.6432 34.1804 71.0026 51.8332 8.21674 21.3805 69.3647 63.7231 17.8014 17.3768 60.9932 74.703 25.0203 11.6745 63.7837 69.304 18.5901 13.6157 75.3703 77.3115 15.8602 -4.64374 56.5042 84.409 43.0371 -3.06651 28.5387 79.3134 64.6937 2.33246 10.3399 70.8813 72.9438 20.6526 6.8215 64.7543 76.6442 29.9946 0.451921 54.381 90.2326 38.7301 -2.7632 39.822 84.045 48.8 5.24427 25.2629 87.2602 58.9307 5.91156 23.9284 75.5523 68.7581 9.248 14.8896 72.2765 77.5541 14.0404 -3.49115 55.8976 81.9219 37.5168 1.54385 30.8439 76.8262 59.7193 12.7664 19.0754 55.6549 74.0357 28.9634 8.82337 47.5868 76.2802 38.7301 10.7039 41.7632 67.0595 43.8257 21.1379 44.493 63.0558 39.1547 17.5588 40.4893 70.6993 41.8845 13.8584 45.9489 74.9456 43.7044 8.21674 35.2116 73.1864 48.2541 9.67264 29.0847 66.7562 51.4085 17.0735 37.8201 63.905 -69.5194 -70.7326 -21.2319 -10.252 -7.03687 -5.15632 -0.90994 3.51843 -2.72982 4.30705 6.55157 -5.035 -8.37145 -6.18759 -4.61036 -1.4559 13.1031 2.06253 7.64349 -1.9412 -13.8917 -9.34205 -7.40084];
