t = [0 0.0361699 0.0659633 0.0953195 0.124675 0.15405 0.185036 0.215716 0.246135 0.276025 0.305364 0.337073 0.366765 0.396401 0.427069 0.460758 0.495537 0.525857 0.55581 0.58919 0.620947 0.656291 0.690323 0.722221 0.752391 0.783168 0.816163 0.846017 0.876113 0.908062 0.944392 0.974779 1.00809 1.04024 1.07527 1.10735 1.13847 1.16917 1.20032 1.23633 1.27084 1.30444 1.33675 1.36678 1.39725 1.43005 1.4633 1.49582 1.52592 1.55873 1.589 1.62383 1.65642 1.68868 1.72105 1.75307 1.78618 1.8183 1.90242 1.93522 1.98319 2.0331 2.07292 2.10626 2.13985 2.17303 2.20501 2.23627 2.27311 2.30588 2.33645 2.36643 2.39689 2.42878 2.46384 2.49485 2.5259 2.55634 2.58884 2.62501 2.66274 2.69594 2.72587 2.75914 2.79304 2.83942 2.87306 2.90557 2.93701 2.97033 3.00327 3.043 3.07584 3.10693 3.13727 3.17039 3.20302 3.23506 3.2731 3.30543 3.33735 3.36732 3.40303 3.43433 3.46619 3.5062 3.54024 3.57025 3.60299 3.63766 3.66732 3.69974 3.73299 3.76643 3.80308 3.83627 3.87069 3.90294 3.93598 3.96693 3.99931 4.03342 4.06535 4.10365 4.1361 4.16639 4.19722 4.23435 4.26929 4.30675 4.33679 4.36682 4.39722 4.42868 4.45972 4.4938 4.52367 4.55436 4.58427 4.61495 4.64708 4.68266 4.71529 4.74621 4.77616 4.80603 4.83633 4.86723 4.90091 4.93293 4.96307 4.99541 5.02615 5.05692 5.08859 5.11938 5.15301 5.1863 5.2162 5.24732 5.28217 5.31482 5.34619 5.37891 5.41339 5.44607 5.47623 5.5076 5.54026 5.57393 5.60509 5.63646 5.67093 5.70778 5.73877 5.77385 5.80645 5.8407 5.87332 5.90907 5.94501 5.98207 6.01332 6.04498 6.0827 6.11283 6.14675 6.18273 6.21357 6.24622 6.28363 6.31369 6.34412 6.37479 6.40983 6.44241 6.47626 6.50763 6.53872 6.56965 6.60039 6.63324 6.66524 6.69568 6.7307 6.76327 6.79681 6.83205 6.86628 6.89983 6.93602 6.96973 7.00109 7.03609 7.06773 7.10299 7.13339 7.16423 7.2 7.2363 7.26913 7.29902 7.32907 7.35886 7.38919 7.41899 7.44867 7.47869 7.51175 7.54214 7.57201 7.60196 7.63185 7.66162 7.69173 7.72142 7.75094 7.78182 7.81173 7.84209 7.87207 7.9017 7.93282 7.96492 7.99741 8.02868 8.05882 8.09043 8.12035 8.15427 8.18423 8.21737 8.24896 8.27914 8.31297 8.34297 8.37277 8.40283 8.43308 8.46297 8.49224 8.5227 8.55239 8.58196 8.61179 8.64203 8.67191 8.70143 8.73133 8.76641 8.79613 8.82598 8.85575 8.88724 8.91981 8.95424 8.9844 9.0142 9.04416 9.07793 9.10775 9.13807 9.16869 9.19871 9.22871 9.2589 9.29022 9.32111 9.35182 9.38142 9.41061 9.44208 9.47189 9.50155 9.5328 9.56617 9.59796 9.6291 9.6593 9.68908 9.71899 9.74886 9.7788 9.80862 9.83873 9.86878 9.89845 9.92895 9.95867 9.98874 10.0186 10.0486 10.079 10.1087 10.1384 10.1686 10.1987 10.2286 10.2617 10.2916 10.321 10.3528 10.3822 10.412 10.4428 10.4728 10.506 10.5362 10.5696 10.5998 10.6297 10.6599 10.6897 10.7194 10.7498 10.7801 10.8102 10.84 10.8698 10.902 10.9317 10.9661 10.9969 11.0327 11.0627 11.0921 11.122 11.1519 11.1819 11.2116 11.2421 11.2719 11.3054 11.3361 11.366 11.3953 11.4257 11.4558 11.4872 11.5206 11.5516 11.5821 11.6119 11.6428 11.6727 11.706 11.738 11.7678 11.7995 11.8299 11.8598 11.8897 11.9193 11.9503 11.9799 12.0103 12.0399 12.0696 12.0991 12.1289 12.1588 12.1891 12.2191 12.2489 12.2787 12.3086 12.3387 12.3686 12.3989 12.4286 12.4591 12.4893 12.5194 12.5494 12.5791 12.609 12.6389 12.669 12.6986 12.7288 12.7586 12.7886 12.8187 12.8487 12.8787 12.9087 12.9387 12.9687 12.9989 13.0296 13.0597 13.0918 13.122 13.153 13.1832 13.2133 13.2461 13.2759 13.3053 13.3352 13.3657 13.3986 13.4309 13.463 13.4927 13.5228 13.5528 13.5829 13.6129 13.643 13.6736 13.7026 13.7366 13.7663 13.796 13.8263 13.8559 13.8873 13.9204 13.9519 13.9816 14.0162 14.0464 14.0761 14.1061 14.1362 14.1707 14.2019 14.2319 14.262 14.2917 14.3224 14.3562 14.3859 14.4159 14.4458 14.4753 14.5058 14.5388 14.572 14.6019 14.6349 14.665 14.6953 14.725 14.7549 14.7851 14.8161 14.8462 14.8761 14.9074];
x1 = [0 0 0 0 0 0 0 0.00284838 0.00996932 0.0178024 0.0242112 0.0291959 0.0363168 0.0441498 0.052695 0.0612401 0.0690731 0.0776183 0.0854513 0.0932843 0.103254 0.112511 0.121056 0.128889 0.138146 0.147403 0.155237 0.16307 0.172327 0.182296 0.190841 0.200098 0.209356 0.218613 0.22787 0.237127 0.245672 0.25493 0.264899 0.27558 0.28555 0.294807 0.303352 0.312609 0.322579 0.331836 0.341805 0.351062 0.36032 0.369577 0.379546 0.389516 0.399485 0.40803 0.417999 0.427969 0.437226 0.460725 0.472831 0.48636 0.502026 0.51342 0.523389 0.533359 0.54404 0.553297 0.562554 0.573948 0.583205 0.592462 0.60172 0.610265 0.619522 0.630203 0.639461 0.64943 0.658687 0.667944 0.678626 0.688595 0.699989 0.708534 0.718503 0.728472 0.742714 0.752684 0.762653 0.772622 0.782592 0.792561 0.80253 0.813212 0.823181 0.832438 0.842407 0.851665 0.860922 0.872315 0.882285 0.891542 0.900087 0.911481 0.920738 0.930707 0.942813 0.953494 0.962039 0.972009 0.981978 0.991947 1.0012 1.01189 1.02186 1.03254 1.04251 1.05319 1.06244 1.07241 1.08167 1.09164 1.10161 1.11087 1.12155 1.13223 1.14149 1.15074 1.16143 1.17282 1.1835 1.19276 1.20201 1.21056 1.22053 1.22979 1.23976 1.24901 1.25827 1.26753 1.27607 1.28604 1.29672 1.30598 1.31524 1.32378 1.33304 1.3423 1.35084 1.36081 1.37078 1.37933 1.3893 1.39855 1.40781 1.41778 1.42704 1.43701 1.44698 1.45623 1.46549 1.47475 1.48614 1.4954 1.50537 1.51605 1.52602 1.53528 1.54453 1.5545 1.56447 1.57373 1.58299 1.59367 1.60435 1.61361 1.62429 1.63283 1.64351 1.65348 1.66416 1.67556 1.68695 1.6955 1.70547 1.71686 1.72612 1.73609 1.74677 1.75602 1.76599 1.77667 1.78593 1.79448 1.80373 1.81442 1.82367 1.83435 1.84361 1.85287 1.86213 1.87138 1.88064 1.8899 1.89916 1.90912 1.91909 1.92906 1.93974 1.95043 1.9604 1.97108 1.98176 1.99102 2.0017 2.01095 2.02164 2.03089 2.04086 2.05083 2.06222 2.06721 2.06436 2.06009 2.05582 2.05083 2.04442 2.03873 2.03445 2.02804 2.02164 2.01523 2.00811 1.99956 1.99173 1.98461 1.97749 1.97036 1.96324 1.95541 1.94758 1.93974 1.93191 1.92337 1.91482 1.90628 1.89844 1.8899 1.88135 1.87281 1.86355 1.85572 1.84575 1.83792 1.82866 1.8194 1.81086 1.80231 1.79377 1.78451 1.77596 1.76742 1.75887 1.75033 1.74178 1.73324 1.72469 1.71543 1.70618 1.69763 1.68766 1.67841 1.66986 1.6606 1.65135 1.64138 1.63212 1.62215 1.61289 1.60435 1.59367 1.58512 1.57586 1.56732 1.55806 1.54952 1.54026 1.531 1.52175 1.51249 1.50323 1.49469 1.48543 1.47617 1.46763 1.45766 1.44769 1.43772 1.42917 1.41992 1.41066 1.4014 1.39286 1.38431 1.37505 1.3658 1.35725 1.34799 1.33945 1.33019 1.32093 1.31239 1.30384 1.29459 1.28604 1.27678 1.26824 1.25898 1.25044 1.24047 1.23121 1.22267 1.21341 1.20415 1.19561 1.18635 1.17709 1.16712 1.15787 1.1479 1.13864 1.13009 1.12012 1.11158 1.10303 1.09378 1.08452 1.07526 1.06672 1.05817 1.0482 1.03966 1.02898 1.01972 1.00975 1.00049 0.991235 0.981978 0.973433 0.964176 0.95563 0.946373 0.937116 0.926435 0.917889 0.908632 0.899375 0.890118 0.881573 0.872315 0.862346 0.852377 0.84312 0.834574 0.825317 0.81606 0.806091 0.797545 0.788288 0.778319 0.769774 0.760517 0.751259 0.742714 0.733457 0.724912 0.715655 0.70711 0.698564 0.689307 0.68005 0.671505 0.662248 0.65299 0.644445 0.635188 0.626643 0.617386 0.608128 0.598871 0.590326 0.581069 0.571812 0.562554 0.554009 0.544752 0.536207 0.52695 0.517692 0.508435 0.49989 0.490633 0.481376 0.472118 0.462861 0.453604 0.445059 0.435802 0.426544 0.417999 0.408742 0.399485 0.390228 0.38097 0.371713 0.362456 0.353911 0.343941 0.334684 0.326139 0.316882 0.307625 0.297655 0.288398 0.279141 0.269884 0.260626 0.252081 0.242824 0.234279 0.225022 0.215765 0.207219 0.19725 0.187993 0.178736 0.170191 0.160933 0.151676 0.141707 0.13245 0.123192 0.112511 0.103966 0.0947085 0.0861634 0.0769062 0.0669369 0.0569675 0.0477103 0.0391652 0.0306201 0.0220749 0.0113935 0.00284838 -0.00640885 -0.014954 -0.0242112 -0.0327563 -0.0434377 -0.0534071 -0.0619522 -0.0712094 -0.0804666 -0.0897239 -0.0989811 -0.107526 -0.117496 -0.126753 -0.135298 -0.143843 -0.153812 -0.16307];
