t = [0 0.202989 0.234053 0.264648 0.294477 0.323639 0.353527 0.383639 0.413557 0.443539 0.473337 0.504613 0.534718 0.565231 0.595158 0.627127 0.65933 0.693879 0.725236 0.758779 0.78861 0.819019 0.852892 0.883242 0.913875 0.94426 0.978599 1.00921 1.04293 1.07316 1.10507 1.13627 1.17067 1.20993 1.23954 1.27179 1.30423 1.33364 1.36506 1.39693 1.42684 1.45729 1.51679 1.55054 1.58121 1.63278 1.66621 1.70072 1.73071 1.76248 1.79371 1.82349 1.85287 1.88366 1.913 1.94247 1.97584 2.00556 2.03493 2.06435 2.09392 2.12358 2.15281 2.18236 2.21181 2.24246 2.27174 2.30268 2.33285 2.36476 2.39415 2.42627 2.45589 2.48555 2.51569 2.54521 2.57466 2.60415 2.634 2.66356 2.69294 2.72231 2.7517 2.78416 2.81413 2.84356 2.87295 2.90231 2.93296 2.96483 2.99474 3.02424 3.0536 3.08273 3.11287 3.14247 3.1751 3.20497 3.23469 3.26418 3.29393 3.32365 3.35285 3.38306 3.41247 3.4418 3.47294 3.5023 3.5318 3.5622 3.59174 3.62474 3.65419 3.68486 3.71414 3.74599 3.77567 3.80509 3.83474 3.86428 3.89402 3.92361 3.95282 3.98295 4.01285 4.0429 4.07253 4.10234 4.13182 4.16255 4.19261 4.22287 4.2551 4.28479 4.31476 4.34425 4.37354 4.40294 4.43235 4.46373 4.49363 4.52358 4.553 4.58279 4.61334 4.64295 4.67303 4.70477 4.73669 4.77023 4.80281 4.83233 4.86171 4.89421 4.92414 4.95398 4.98379 5.01359 5.04291 5.07283 5.10291 5.13248 5.16179 5.19362 5.22288 5.25562 5.28508 5.31483 5.34419 5.37353 5.4029 5.43247 5.46164 5.49287 5.52417 5.55399 5.58387 5.61358 5.64295 5.67284 5.70225 5.73196 5.76224 5.79147 5.82172 5.85292 5.88235 5.91166 5.94295 5.97233 6.00177 6.03229 6.06174 6.09297 6.12249 6.15171 6.18283 6.21555 6.24659 6.27632 6.306 6.33558 6.36671 6.39795 6.42724 6.45686 6.48615 6.51575 6.54555 6.57461 6.60628 6.63609 6.66566 6.69561 6.72865 6.75791 6.78716 6.81671 6.84618 6.87559 6.90501 6.93834 6.96773 6.99722 7.02681 7.06032 7.09006 7.11993 7.15333 7.18369 7.21291 7.24246 7.27181 7.30527 7.33521 7.36471 7.39393 7.42624 7.45628 7.48611 7.51617 7.54956 7.57947 7.60929 7.6393 7.66931 7.69926 7.72926 7.75864 7.78859 7.81796 7.84877 7.87853 7.90791 7.93733 7.9672 7.99673 8.02593 8.05556 8.08494 8.11421 8.14371 8.17286 8.20232 8.23169 8.26294 8.29234 8.32196 8.35245 8.38161 8.41288 8.44233 8.47172 8.50233 8.5325 8.56167 8.5938 8.62365 8.65361 8.68384 8.71497 8.74476 8.77417 8.80359 8.83297 8.86235 8.89166 8.92282 8.95235 8.98134 9.01378 9.04362 9.07564 9.10565 9.13533 9.16457 9.1948 9.22424 9.25356 9.2826 9.31287 9.34254 9.37696 9.40625 9.43814 9.47025 9.50145 9.53178 9.56218 9.59149 9.62172 9.65529 9.68578 9.71634 9.74592 9.77813 9.80752 9.83683 9.86624 9.89602 9.92564 9.95857 9.98757 10.0169 10.0462 10.0767 10.1061 10.136 10.1655 10.1949 10.2248 10.2542 10.2838 10.3136 10.3429 10.3767 10.4063 10.4393 10.4692 10.4993 10.5299 10.5638 10.5936 10.6229 10.6563 10.6866 10.7215 10.7519 10.7852 10.815 10.8448 10.879 10.9088 10.9384 10.9675 10.9975 11.0268 11.0567 11.0863 11.1162 11.1459 11.1761 11.2057 11.2353 11.2668 11.2962 11.326 11.3555 11.3847 11.4142 11.4438 11.473 11.5023 11.5317 11.5628 11.5923 11.6217 11.6522 11.6816 11.7128 11.7447 11.7737 11.8041 11.8335 11.8629 11.8923 11.9272 11.9567 11.9858 12.0152 12.0449 12.0747 12.1042 12.1335 12.1629 12.1929 12.2258 12.2565 12.2862 12.3187 12.3485 12.378 12.4075 12.4369 12.4698 12.4993 12.5299 12.5593 12.5893 12.6197 12.6491 12.6789 12.7085 12.738 12.7678 12.797 12.8266 12.8559 12.8854 12.9149 12.9442 12.9736 13.0028 13.0328 13.0623 13.0918 13.1243 13.154 13.1836 13.2155 13.2449 13.275 13.3048 13.3342 13.3636 13.3936 13.4229 13.4524 13.4818 13.5129 13.5425 13.5752 13.6049 13.6348 13.6642 13.694 13.7236 13.7529 13.7823 13.813 13.8426 13.8729 13.9025 13.9329 13.9622 13.9928 14.0223 14.0518 14.0827 14.1129 14.1425 14.1765 14.2068 14.2362 14.2662 14.2987 14.3282 14.3586 14.3881 14.4175 14.4549 14.485 14.5148 14.5442 14.5736 14.6029 14.6323 14.6617 14.695 14.725 14.7567 14.7858 14.8155 14.8447 14.8742 14.9041 14.9336 14.9628 14.9923 15.0217 15.0528 15.087 15.1165 15.1463 15.1761 15.2096 15.2393 15.2692 15.2988 15.3286 15.3578 15.3872 15.4168 15.4462 15.4759 15.5053 15.5349 15.5649 15.5942 15.6236 15.6529 15.6825 15.7118 15.7423 15.7766 15.8062 15.8385 15.8682 15.8979 15.928 15.9573 15.987 16.0168 16.0494 16.0794 16.1093 16.1393 16.1687 16.1987 16.2282 16.2578 16.2869 16.3163 16.3461 16.3791 16.4087 16.4383 16.4679 16.4973 16.5269 16.5594 16.5895 16.6193 16.6493 16.6793 16.7093 16.7393 16.7693 16.7993 16.8312 16.8642 16.8937 16.9237 16.9535 16.9826 17.0129 17.0429 17.0724 17.102 17.1325 17.1617 17.1937 17.2229 17.2523 17.2817 17.312 17.3447 17.3739 17.4042 17.4356 17.4656 17.4956 17.5251 17.5571 17.5867 17.6162 17.6461 17.6756 17.7049 17.7342 17.764 17.7936 17.823 17.8524 17.8817 17.913 17.9426 17.9747 18.0069 18.0367 18.0671 18.0996 18.1295 18.1592 18.1887 18.2187 18.2482 18.2778 18.3069 18.3369 18.3704 18.4028 18.4324 18.4637 18.4929 18.5243 18.5536 18.583 18.6123 18.6457 18.6752 18.7048 18.7342 18.7636 18.793 18.8229 18.8524 18.8817 18.9123 18.9423 18.9752 19.0048 19.0342 19.0641 19.0936 19.1233 19.1525 19.1818 19.2123 19.2436 19.273 19.3023 19.3315 19.3619 19.3922 19.4217 19.4557 19.4852 19.5151 19.5453 19.5747 19.6042 19.6336 19.663 19.6927 19.7229 19.7523 19.7843 19.814 19.8453 19.875 19.9043 19.9336 19.9628 19.9925 20.0219 20.0525 20.0817 20.1129 20.1425 20.1745 20.2067 20.2367 20.2666 20.2961 20.326 20.3561 20.3875 20.4171 20.4468 20.4763 20.5062 20.5399 20.5691 20.5993 20.6293 20.6595 20.6893 20.7195 20.7515 20.7823 20.8117 20.8429 20.8725 20.9018 20.9323 20.9618 20.9923 21.023 21.0525 21.0829 21.1125 21.1429 21.1723 21.2017 21.2342 21.2642 21.2942 21.3241 21.354 21.3843 21.4136 21.443 21.4726 21.5036 21.533 21.5622 21.5916 21.6218 21.6542 21.6843 21.7141 21.7437 21.7726 21.8033 21.833 21.8624 21.8917 21.9229 21.9523 21.9815 22.0151 22.045 22.0747 22.1043 22.1342 22.1635 22.1952 22.2247 22.2543 22.284 22.3136 22.3429 22.3722 22.4029 22.4323 22.4617 22.4923 22.5218 22.5522 22.5813 22.6119 22.6425 22.6737 22.7035 22.733 22.7622 22.7917 22.8242 22.8546];
