t = [1.2251e-05 0.00843653 0.109382 0.122862 0.133618 0.14451 0.155133 0.167475 0.181932 0.192796 0.20418 0.216345 0.227887 0.23751 0.247936 0.258862 0.269801 0.287399 0.298028 0.308118 0.318116 0.328335 0.341863 0.354252 0.368466 0.379185 0.395069 0.406602 0.418321 0.428189 0.438529 0.45406 0.464845 0.478257 0.489778 0.499711 0.514093 0.526921 0.538101 0.549722 0.56086 0.575061 0.587675 0.599626 0.60981 0.620232 0.63407 0.647162 0.659933 0.67122 0.686713 0.700544 0.710969 0.721514 0.736428 0.74656 0.760103 0.772014 0.786944 0.796894 0.807581 0.818825 0.828336 0.842005 0.851517 0.8676 0.878397 0.88858 0.899335 0.912371 0.924271 0.937914 0.947741 0.959153 0.970882 0.981526 0.995198 1.00851 1.01963 1.03021 1.0415 1.05708 1.06996 1.08228 1.09412 1.10885 1.11796 1.12819 1.13923 1.1502 1.16635 1.17845 1.18965 1.19966 1.20992 1.22422 1.23722 1.24817 1.26051 1.27642 1.28813 1.29885 1.31113 1.32618 1.33521 1.3464 1.35854 1.3716 1.38157 1.39522 1.40784 1.41963 1.42955 1.44031 1.45777 1.47245 1.48397 1.4962 1.50777 1.52077 1.53207 1.54418 1.55809 1.5679 1.58317 1.59497 1.60773 1.61768 1.6283 1.63845 1.64853 1.65855 1.66802 1.7264 1.74827 1.77803 1.81759 1.82771 1.83803 1.8482 1.85919 1.87496 1.88713 1.89842 1.90825 1.91905 1.93093 1.94047 1.95287 1.96522 1.98021 1.9895 2.00193 2.01311 2.02991 2.03905 2.05255 2.06702 2.08183 2.09256 2.10639 2.1176 2.13388 2.14811 2.15915 2.17296 2.18776 2.20116 2.21488 2.22687 2.23792 2.25111 2.2648 2.27763 2.28775 2.29746 2.31036 2.32259 2.34279 2.35259 2.3631 2.37946 2.38962 2.4038 2.41643 2.43037 2.44697 2.46766 2.47947 2.48997 2.50227 2.51806 2.52775 2.53828 2.54951 2.55994 2.57459 2.5879 2.5984 2.60848 2.61911 2.63349 2.64683 2.65906 2.67124 2.68816 2.69816 2.70893 2.71954 2.72964 2.74385 2.75711 2.76854 2.77913 2.79041 2.805 2.8186 2.82962 2.84108 2.85648 2.86919 2.8798 2.89153 2.90681 2.91651 2.92819 2.94041 2.95628 2.96781 2.97977 2.99048 3.00108 3.01523 3.02716 3.0391 3.05151 3.06656 3.0767 3.08957 3.10194 3.11707 3.12697 3.13771 3.14894 3.15966 3.17444 3.18766 3.19838 3.20906 3.2201 3.23699 3.2492 3.25988 3.27152 3.28724 3.30036 3.31686 3.32834 3.34395 3.3582 3.37024 3.38183 3.41054 3.42009 3.4339 3.44616 3.45803 3.47386 3.48628 3.49754 3.51092 3.52056 3.53217 3.54486 3.56097 3.57047 3.58314 3.59523 3.60782 3.62151 3.6322 3.64403 3.66287 3.67354 3.68654 3.69792 3.70973 3.72411 3.73643 3.74818 3.75981 3.77607 3.78632 3.79695 3.80845 3.81838 3.83351 3.84696 3.85914 3.86994 3.88147 3.89619 3.90754 3.91818 3.9285 3.9384 3.95372 3.96812 3.97901 3.9898 3.99976 4.01818 4.0292 4.03925 4.05046 4.06681 4.07845 4.08959 4.10023 4.11637 4.12641 4.13784 4.14921 4.16045 4.17809 4.18858 4.19982 4.21047 4.2269 4.24111 4.25254 4.2652 4.2822 4.29299 4.30646 4.31823 4.32977 4.34244 4.35354 4.36722 4.37797 4.39237 4.40379 4.41521 4.42797 4.44116 4.45514 4.46821 4.48019 4.4926 4.50286 4.51616 4.53051 4.54019 4.55382 4.56725 4.5777 4.59001 4.60114 4.61412 4.62774 4.63756 4.64799 4.65984 4.67704 4.68743 4.69836 4.70859 4.71948 4.73384 4.74778 4.7595 4.77207 4.78699 4.79823 4.80881 4.8199 4.83083 4.84485 4.85761 4.86974 4.88018 4.89103 4.90603 4.91647 4.9285 4.9384 4.94917 4.96408 4.97817 4.98824 5.00042 5.01603 5.02635 5.03647 5.04811 5.05922 5.07049 5.08486 5.09689 5.10814 5.11913 5.1309 5.14487 5.15717 5.16905 5.18125 5.19638 5.20633 5.21656 5.22817 5.23845 5.25145 5.26073 5.27308 5.28497 5.29775 5.30912 5.31953 5.33198 5.3469 5.35719 5.36885 5.38233 5.397 5.40719 5.41772 5.42855 5.4392 5.45379 5.46969 5.48117 5.49177 5.5068 5.51692 5.52846 5.53947 5.54984 5.56937 5.57976 5.59056 5.60115 5.61678 5.63224 5.64301 5.65492 5.66786 5.67921 5.69353 5.70482 5.7181 5.7327 5.74454 5.75808 5.77218 5.78243 5.79498 5.80724 5.81779 5.82783 5.83803 5.84856 5.8592 5.87388 5.88709 5.89785 5.90823 5.9184 5.93082 5.94141 5.95315 5.96712 5.9778 5.98749 6.00045 6.01206 6.02682 6.03703 6.04797 6.05917 6.07018 6.08723 6.09816 6.10825 6.11883 6.13031 6.15033 6.1682 6.184 6.20679 6.21789 6.23003 6.24481 6.2582 6.27709 6.29019 6.30767 6.31894 6.32801 6.34645 6.35788 6.36787 6.38725 6.40372 6.42377 6.43508 6.44994 6.46309 6.47702 6.49087 6.50416 6.51614 6.52761 6.54388 6.56081 6.57758 6.58708 6.59976 6.61724 6.63331 6.64821 6.66197 6.67796 6.69811 6.70768 6.71968 6.7319 6.74803 6.76287 6.77652 6.78889 6.80801 6.81773 6.82848 6.848 6.8722 6.88256 6.89901 6.91058 6.9289 6.93923 6.95515 6.97031 6.98788 6.99923 7.01716 7.02808 7.046 7.05976 7.07641 7.08874 7.10889 7.11974 7.13524 7.14793 7.16513 7.18239 7.19755 7.21014 7.22817 7.24659 7.25976 7.27713 7.28953 7.29869 7.31685 7.3279 7.34492 7.3585 7.38014 7.39413 7.42371 7.44684 7.46793 7.48811 7.49772 7.51437 7.53004 7.55385 7.56953 7.58467 7.59815 7.60901 7.62848 7.64615 7.665 7.67841 7.69761 7.70907 7.72517 7.73781 7.75396 7.77637 7.78796 7.80413 7.819 7.8383 7.85031 7.86982 7.88465 7.90478 7.91907 7.93382 7.9526 7.9651 7.98488 7.998 8.01647 8.0295 8.04122 8.05694 8.07721 8.08976 8.10099 8.11774 8.13425 8.147 8.16008 8.17875 8.1902 8.20633 8.21791 8.22884 8.2534 8.26801 8.28516 8.29994 8.31254 8.32766 8.34418 8.36071 8.37253 8.38882 8.404 8.41954 8.43378 8.44816 8.47059 8.48503 8.49976 8.51646 8.52797 8.54284 8.56015 8.57853 8.58794 8.60448 8.61796 8.63687 8.64697 8.66158 8.67823 8.69402 8.712 8.72281 8.73839 8.75892 8.76819 8.78484 8.79824 8.81787 8.82766 8.84312 8.85715 8.87369 8.88858 8.90234 8.91651 8.93751 8.94995 8.96396 8.97976 8.99918 9.00827 9.02231 9.04003 9.05473 9.07221 9.08832 9.10109 9.11513 9.13209 9.15404 9.1767 9.18872 9.20304 9.2182 9.22787 9.24816 9.26704 9.28633 9.30178 9.31105 9.3264 9.34868 9.35877 9.38054 9.40242 9.41512 9.43013 9.45125 9.46452 9.48197 9.50775 9.51779 9.53027 9.54416 9.55807 9.5707 9.58507 9.60241 9.62207 9.63918 9.65719 9.67767 9.69827 9.71499 9.73625 9.74675 9.76026 9.77773 9.7934 9.81259 9.82773 9.8409 9.86051 9.87519 9.89649 9.90888 9.92375 9.94091 9.9574 9.97019 9.98499 10.0079 10.0209 10.0368 10.0515 10.0679 10.0786 10.1 10.1121 10.1284 10.1379 10.1563 10.1721 10.1875 10.1991 10.2152 10.235 10.2492 10.26 10.2779 10.2877 10.303 10.3179 10.3369 10.3482 10.3603 10.3766 10.388 10.4049 10.4245 10.4381 10.4551 10.4705 10.4876 10.5041 10.5174 10.5286 10.5496 10.5676 10.5819 10.591 10.6152 10.635 10.6491 10.6663 10.678 10.6901 10.7061 10.7277 10.7446 10.7581 10.7774 10.7926 10.8052 10.8251 10.841 10.8552 10.8765 10.8892 10.9068 10.9172 10.938 10.948 10.9652 10.9815 10.9986 11.0114 11.0301 11.0436 11.0695 11.0802 11.0975 11.1082 11.1252 11.1444 11.159 11.175 11.1963 11.2065 11.2199 11.2374 11.2495 11.2681 11.2867 11.298 11.3151 11.3361 11.3482 11.3585 11.3738 11.395 11.4084 11.4222 11.4411 11.4538 11.4745 11.4878 11.5051 11.5178 11.5377 11.5479 11.5641 11.5795 11.5968 11.6093 11.6185 11.6351 11.6479 11.6598 11.6804 11.6951 11.7138 11.7328 11.7478 11.7581 11.7781 11.7969 11.8099 11.8276 11.838 11.8511 11.8701 11.885 11.8979 11.9138 11.93 11.9415 11.9552 11.9683 11.9864 11.9988 12.0169 12.0297 12.0441 12.0571 12.0785 12.0878 12.102 12.1164 12.1371 12.149 12.163 12.1779 12.197 12.2083 12.2205 12.2363 12.248 12.2616 12.2791 12.297 12.3077 12.3185 12.3364 12.352 12.3678 12.3876 12.4124 12.4377 12.4578 12.4769 12.4884 12.5007 12.5194 12.5285 12.5469 12.5608 12.5777 12.5922 12.6064 12.6186 12.631 12.6451];
