t = [0 0.0375611 0.070379 0.10111 0.130535 0.16033 0.194453 0.22614 0.257171 0.291007 0.324811 0.360135 0.391992 0.422267 0.45281 0.488059 0.518995 0.553669 0.584173 0.614433 0.644758 0.67859 0.710718 0.749965 0.781602 0.814106 0.844593 0.874664 0.908683 0.944431 0.974509 1.00489 1.03879 1.07075 1.10671 1.14437 1.17372 1.20423 1.23446 1.26469 1.29492 1.32629 1.36338 1.39443 1.42448 1.45458 1.48963 1.52073 1.55766 1.61423 1.64491 1.67674 1.71938 1.75666 1.78816 1.82195 1.85282 1.88683 1.9209 1.95616 1.98742 2.01856 2.05091 2.0843 2.11654 2.15012 2.1821 2.21231 2.2446 2.27888 2.31171 2.34224 2.37791 2.40793 2.43814 2.46842 2.49889 2.53217 2.56702 2.59842 2.63284 2.66444 2.69484 2.72853 2.76451 2.79456 2.82457 2.8586 2.88893 2.91936 2.95052 2.98073 3.01264 3.04575 3.07633 3.10847 3.14158 3.17066 3.20129 3.23397 3.26444 3.29475 3.32632 3.36101 3.39169 3.4265 3.45894 3.49072 3.5276 3.56169 3.59427 3.62647 3.65653 3.68884 3.7194 3.75165 3.78228 3.81452 3.84447 3.8744 3.90471 3.94215 3.97175 4.00636 4.03836 4.06773 4.09807 4.12845 4.16225 4.19571 4.22617 4.25625 4.28634 4.31771 4.35004 4.38012 4.41028 4.44019 4.47011 4.50046 4.53143 4.56765 4.59812 4.6286 4.65861 4.68899 4.71878 4.7509 4.78011 4.81097 4.84274 4.87636 4.90677 4.94236 4.9753 5.00746 5.03728 5.07033 5.10034 5.13037 5.16004 5.19139 5.22275 5.25447 5.28634 5.32091 5.35575 5.38753 5.41863 5.45095 5.48428 5.51555 5.5474 5.57746 5.60768 5.64216 5.67262 5.70568 5.7368 5.76719 5.80045 5.8303 5.86023 5.8904 5.9203 5.9495 5.97887 6.00842 6.03804 6.06763 6.09739 6.12755 6.1613 6.19287 6.22345 6.25436 6.28389 6.31349 6.34275 6.3727 6.40366 6.43421 6.46343 6.49273 6.52342 6.55237 6.5836 6.61281 6.64369 6.67277 6.70356 6.73291 6.76285 6.79293 6.82222 6.8526 6.88403 6.9135 6.94434 6.97676 7.00803 7.03813 7.0679 7.09796 7.12737 7.15936 7.18859 7.22034 7.24958 7.27897 7.30898 7.33858 7.37171 7.40449 7.43449 7.46371 7.49352 7.5228 7.55369 7.58285 7.61358 7.64286 7.67335 7.70256 7.73635 7.77342 7.8028 7.83499 7.86472 7.89527 7.9274 7.95931 7.98935 8.01926 8.04872 8.07849 8.10856 8.14112 8.17135 8.20185 8.23169 8.26172 8.29172 8.32558 8.35482 8.38488 8.41477 8.44449 8.47451 8.50404 8.53346 8.56751 8.59994 8.62942 8.66083 8.69067 8.72032 8.74938 8.77863 8.8081];
x1 = [0 0 0 0 0 0 0 0 0.000712094 0.00284838 0.00569675 0.00925722 0.0128177 0.0170903 0.0234991 0.0306201 0.0391652 0.0477103 0.0562554 0.0655127 0.0747699 0.0847392 0.0968448 0.106102 0.116071 0.125329 0.134586 0.144555 0.155237 0.164494 0.173751 0.18372 0.19369 0.204371 0.215765 0.22431 0.232855 0.242824 0.251369 0.260626 0.269884 0.281277 0.290534 0.299792 0.308337 0.318306 0.328275 0.338957 0.348214 0.364592 0.374562 0.386667 0.398061 0.40803 0.417999 0.426544 0.437226 0.447195 0.457877 0.466422 0.475679 0.485648 0.494905 0.504875 0.514844 0.524813 0.533359 0.543328 0.553297 0.563267 0.572524 0.583205 0.592462 0.601007 0.610265 0.619522 0.628779 0.639461 0.648718 0.658687 0.667944 0.676489 0.686459 0.69714 0.706397 0.714943 0.724912 0.734169 0.742714 0.752684 0.761229 0.771198 0.781167 0.789712 0.799682 0.808227 0.818196 0.827453 0.836711 0.84668 0.855225 0.865194 0.875164 0.884421 0.895102 0.905072 0.914329 0.92501 0.93498 0.944949 0.954206 0.962039 0.967736 0.972009 0.976281 0.97913 0.980554 0.980554 0.979842 0.980554 0.981266 0.981266 0.981266 0.980554 0.981266 0.981266 0.981266 0.981978 0.981978 0.981978 0.981978 0.981978 0.981978 0.981978 0.981978 0.981978 0.981978 0.981978 0.981978 0.981978 0.981978 0.981978 0.981978 0.981978 0.981978 0.981978 0.981978 0.981978 0.981978 0.981978 0.981978 0.981978 0.981978 0.981978 0.981978 0.981978 0.981978 0.981978 0.981978 0.981978 0.981978 0.981978 0.981978 0.981978 0.981978 0.981978 0.980554 0.978417 0.975569 0.972009 0.967736 0.961327 0.954918 0.947797 0.939252 0.929995 0.920026 0.910768 0.901511 0.891542 0.882285 0.873027 0.864482 0.855225 0.84668 0.837423 0.828878 0.820333 0.811787 0.803242 0.793985 0.784016 0.774758 0.765501 0.756956 0.747699 0.739154 0.730609 0.722064 0.712806 0.704261 0.695004 0.686459 0.677202 0.668656 0.659399 0.650854 0.641597 0.633052 0.623795 0.615249 0.605992 0.597447 0.588902 0.579645 0.570387 0.561842 0.553297 0.542616 0.533359 0.524101 0.514844 0.505587 0.497042 0.487785 0.479239 0.469982 0.460725 0.45218 0.442923 0.434377 0.424408 0.415151 0.405894 0.397349 0.388091 0.379546 0.371001 0.361744 0.352487 0.343941 0.334684 0.326139 0.315458 0.305488 0.296231 0.286974 0.277717 0.26846 0.259202 0.249233 0.240688 0.231431 0.222885 0.21434 0.205795 0.195826 0.186569 0.177311 0.168054 0.159509 0.150964 0.140995 0.13245 0.123192 0.114647 0.10539 0.0961327 0.0875876 0.0783304 0.068361 0.0591038 0.0512708 0.0434377 0.0348926 0.0263475 0.0185144 0.0106814 0.00213628 -0.00712094];
x2 = [0 0 0 0 0 0 0 0 0 0.0146691 0.0680762 0.0787576 0.10069 0.119489 0.1578 0.200526 0.246385 0.272305 0.285265 0.296089 0.289395 0.292671 0.304349 0.307767 0.296231 0.299364 0.303067 0.305631 0.298083 0.294665 0.304634 0.305631 0.30264 0.300789 0.29851 0.300646 0.290962 0.29908 0.305488 0.305488 0.292813 0.30207 0.305916 0.296516 0.291531 0.292528 0.302498 0.298795 0.29851 0.296231 0.29324 0.299792 0.301073 0.296943 0.299934 0.296658 0.293952 0.302498 0.290819 0.292243 0.29438 0.292528 0.288398 0.291531 0.300361 0.298367 0.30264 0.298225 0.297655 0.292671 0.297798 0.304491 0.304634 0.298083 0.295377 0.300219 0.295946 0.297086 0.291816 0.290819 0.292528 0.287828 0.291247 0.29438 0.298652 0.296231 0.294949 0.289822 0.298652 0.296231 0.295804 0.300789 0.30264 0.295946 0.29381 0.29908 0.298225 0.297513 0.301786 0.301358 0.301216 0.302498 0.296089 0.295377 0.298083 0.304064 0.303352 0.301928 0.294522 0.295519 0.290534 0.265184 0.205368 0.150679 0.107241 0.0927147 0.0659399 0.00655127 -0.0294807 -0.0223598 0.0145267 0.0143843 0.0106814 -0.00327563 0.00270596 0.00925722 0.00769062 0.00270596 0.00655127 0.0068361 0.00598159 0.0022787 0 0 0 0 0 0 0 0 0 0 0 0 0 0 0 0 0 0 0 0 0 0 0 0 0 0 0 0 0 0 0 0 0 0 -0.000569675 -0.0276293 -0.0657975 -0.0858786 -0.116783 -0.177311 -0.204941 -0.224879 -0.237127 -0.284695 -0.308622 -0.297798 -0.295092 -0.307055 -0.308622 -0.301501 -0.294237 -0.296089 -0.307055 -0.29908 -0.294095 -0.287401 -0.286262 -0.294665 -0.298225 -0.295234 -0.302355 -0.301073 -0.296089 -0.295377 -0.29025 -0.290107 -0.293098 -0.297371 -0.290534 -0.289965 -0.296089 -0.297086 -0.29381 -0.297655 -0.300219 -0.302925 -0.295092 -0.296231 -0.293668 -0.29851 -0.291674 -0.293098 -0.295519 -0.295662 -0.296374 -0.295662 -0.297513 -0.307055 -0.307197 -0.300219 -0.302355 -0.300789 -0.291959 -0.288825 -0.293668 -0.306485 -0.300504 -0.292528 -0.301501 -0.29438 -0.291247 -0.299792 -0.302498 -0.293952 -0.294522 -0.298083 -0.300789 -0.299934 -0.295092 -0.297086 -0.300361 -0.301216 -0.290819 -0.294807 -0.297086 -0.298367 -0.301928 -0.296943 -0.300646 -0.300789 -0.296089 -0.287401 -0.293952 -0.296658 -0.297228 -0.301358 -0.304064 -0.303779 -0.298083 -0.286119 -0.288398 -0.295234 -0.299792 -0.305204 -0.300504 -0.300504 -0.301216 -0.307767 -0.301928 -0.286547 -0.25436 -0.260199 -0.276862 -0.282417 -0.278286 -0.274868 -0.286404 -0.28498];
