t = [0 0 0 0 0 0 0 0 0 0 0 0 0 0 0 0 0 0 0 0 0 0 0 0 0 0 0 0 0 0 0 0 0 0 0 0 0 0 0 0 0 0 0 0 0 0 0 0 0 0 0 0 0 0 0 0 0 0 0 0 0 0 0 0 0 0 0 0 0 0 0 0 0 0 0 0 0 0 0 0 0 0 0 0 0 0 0 0 0 0 0 0 0 0 0 0 0 0 0 0 0 0 0 0 0 0 0 0 0 0 0 0 0 0 0 0 0 0 0 0 0 0 0 0 0 0 0 0 0 0 0 0 0 0 0 0 0 0 0 0 0 0 0 0 0 0 0 0 0 0 0 0 0 0 0 0 0 0 0 0 0 0 0 0 0 0 0 0 0 0 0 0 0 0 0 0 0 0 0 0 0 0 0 0 0 0 0 0 0 0 0 0 0 0 0 0 0 0 0 0 0 0 0 0 0 0 0 0 0 0 0 0 0 0 0 0 0 0 0 0 0 0 0 0 0 0 0 0 0 0 0 0 0 0 0 0 0 0 0 0 0 0 0 0 0 0 0 0 0 0 0 0 0 0 0 0 0 0 0 0 0 0 0 0 0 0 0 0 0 0 0 0 0 0 0 0 0 0 0 0 0 0 0 0 0 0 0 0 0 0 0 0 0 0 0 0 0 0 0 0 0 0 0 0 0 0 0 0 0 0 0 0 0 0 0 0 0 0 0 0 0 0 0 0 0 0 0 0 0 0 0 0 0 0 0 0 0 0 0 0 0 0 0 0 0 0 0 0 0 0 0 0 0 0 0 0 0 0 0 0 0 0 0 0 0 0 0 0 0 0 0 0 0 0 0 0 0 0 0 0 0 0 0 0 0 0 0 0 0 0 0 0 0 0 0 0 0 0 0 0 0 0 0 0 0 0 0 0 0 0 0 0 0 0 0 0 0 0 0 0 0 0 0 0 0 0 0 0 0 0 0 0 0 0 0 0 0 0 0 0 0 0 0 0 0 0 0 0 0 0 0 0 0 0 0 0 0 0 0 0 0 0 0 0 0 0 0 0 0 0 0 0 0 0 0 0 0 0 0 0 0 0 0 0 0 0 0 0 0 0 0 0 0 0 0 0 0 0 0 0 0 0 0 0 0 0 0 0 0 0 0 0 0 0 0 0 0 0 0 0 0 0 0 0 0 0 0 0 0 0 0 0 0 0 0 0 0 0 0 0 0 0 0 0 0 0 0 0 0 0 0 0 0 0 0 0 0 0 0 0 0 0 0 0 0 0 0 0 0 0 0 0 0 0 0 0 0 0 0 0 0 0 0 0 0 0 0 0 0 0 0 0 0 0 0 0 0 0 0 0 0 0 0 0 0 0 0 0 0 0 0 0 0 0 0 0 0 0 0 0 0 0 0 0 0 0 0 0 0 0 0 0 0 0 0 0 0 0 0 0 0 0 0 0 0 0 0 0 0 0 0 0 0 0 0 0 0 0 0 0 0 0 0 0 0 0 0 0 0 0 0 0 0 0 0 0 0 0 0 0 0 0 0 0 0 0 0 0 0 0 0 0 0 0 0 0 0 0 0 0 0 0 0 0 0 0 0 0 0 0 0 0 0 0 0 0 0 0 0 0 0 0 0 0 0 0 0 0 0 0 0 0 0 0 0 0 0 0 0 0 0 0 0 0 0 0 0 0 0 0 0 0 0 0 0 0 0 0 0 0 0 0 0 0 0 0 0 0 0 0 0 0 0 0 0 0 0 0 0 0 0 0 0 0 0 0 0 0 0 0 0 0 0 0 0 0 0 0 0 0 0 0 0 0 0 0 0 0 0 0 0 0 0 0 0 0 0 0 0 0 0 0 0 0 0 0 0 0 0 0 0 0 0 0 0 0 0 0 0 0 0 0 0 0 0 0 0 0 0 0 0 0 0 0 0 0 0 0 0 0 0 0 0 0 0 0 0 0 0 0 0 0 0 0 0 0 0 0 0 0 0 0 0 0 0 0 0 0 0 0 0 0 0 0 0 0 0 0 0 0 0 0 0 0 0 0 0 0 0 0 0 0 0 0 0 0 0 0 0 0 0 0 0 0 0 0 0 0 0 0 0 0 0 0 0];
x1 = [264 265 264 265 264 260 258 255 254 256 260 259 260 262 258 256 255 261 259 260 259 262 265 268 268 274 276 272 269 266 262 244 227 193 128 129 131 136 136 131 124 130 133 132 133 125 138 129 136 134 129 125 125 132 130 130 131 132 122 127 128 126 133 133 138 138 143 143 142 144 135 148 144 147 144 146 141 141 142 144 148 134 146 144 146 144 142 145 131 143 146 145 145 143 152 147 146 141 145 135 146 150 147 144 147 143 148 152 153 156 151 155 153 157 159 162 146 162 159 155 154 156 148 153 153 153 153 155 136 156 151 150 152 150 142 142 150 153 152 156 159 142 158 154 154 153 148 138 147 150 148 153 146 154 148 148 151 148 139 151 152 149 145 141 148 150 147 148 138 148 146 150 147 150 143 151 147 150 149 156 140 151 148 149 148 148 150 135 152 146 137 96 58 25 29 24 41 32 27 34 34 36 36 34 35 35 36 37 35 36 38 34 37 39 37 37 33 39 36 33 37 33 31 35 33 35 41 36 35 32 36 41 42 42 43 38 43 41 42 42 42 42 41 41 40 43 41 36 36 28 23 20 25 25 26 26 26 25 26 29 30 27 26 27 33 31 33 32 30 31 27 31 29 27 28 30 29 34 31 29 32 31 31 35 34 34 36 38 34 35 36 35 37 36 35 38 36 37 36 36 37 38 39 40 37 37 36 36 36 34 35 36 36 35 36 38 37 39 41 36 39 38 37 38 35 37 36 37 35 37 33 36 33 35 37 33 33 34 33 34 33 34 32 31 31 32 31 32 31 31 27 32 31 11 12 21 32 32 36 33 35 34 32 31 35 39 33 34 33 35 41 33 34 34 36 35 41 29 35 36 36 35 37 39 35 37 36 37 40 46 32 38 38 36 36 42 37 36 42 31 35 36 37 35 37 33 33 39 40 37 39 46 33 35 34 35 24 31 23 25 27 26 28 36 29 34 40 39 48 30 40 38 36 47 29 36 35 36 35 44 34 35 33 34 40 29 32 34 33 33 41 28 33 32 33 35 34 28 34 35 35 37 34 28 33 35 38 39 33 35 37 37 38 40 31 37 38 38 38 44 31 35 38 39 37 45 29 36 36 38 37 31 36 35 35 37 42 34 34 36 37 44 30 37 35 34 35 41 31 38 32 34 36 42 58 116 221 242 244 246 248 244 242 246 242 247 242 239 239 241 241 244 246 244 246 244 242 239 241 236 235 233 233 237 243 244 252 253 255 255 262 256 261 263 259 258 258 262 264 265 260 264 261 266 268 273 271 268 256 263 261 265 266 265 260 266 259 257 267 256 253 255 248 254 253 253 251 263 262 262 251 250 246 252 257 258 259 255 255 252 245 244 243 243 250 254 253 255 254 253 255 258 256 257 255 255 261 256 248 245 243 243 244 249 255 250 251 247 243 241 239 236 241 240 244 247 251 254 252 253 244 244 242 247 249 253 255 255 258 257 257 257 255 256 258 257 258 258 258 259 256 255 254 253 252 252 252 250 252 249 248 244 211 153 85 36 24 25 26 24 21 23 25 25 23 24 25 24 24 24 23 24 25 23 23 23 22 22 24 24 23 23 24 23 24 25 26 25 25 25 25 25 23 23 22 25 23 24 22 22 22 21 21 24 22 22 24 24 23 24 24 23 24 25 24 24 25 23 22 24 24 24 25 26 24 27 26 26 26 24 22 25 24 24 25 24 24 23 23 22 22 22 22 21 24 25 23 23 24 23 23 24 24 21 23 22 21 23 23 21 23 23 22 22 24 23 23 23 23 22 23 23 23 21 23 22 22 21 22 21 22 22 22 22 23 21 21 21 21 22 23 22 22 21 22 23 21 22 21 21 21 23 22 21 21 24 23 21 21 22 24 21 23 23 31 19 17 17 17 17 18 16 17 17 16 17 15 15 14 14 14 14 14 13 14 13 12 12 13 13 12 12 13 13 12 12 13 12 13 13 13 13 13 12 13 13 13 12 12 11 12 13 12 13 13 13 13 12 12 13 12 13 13 13 13 13 13 13 13 13 13 13 12 13 13 12 12 12 12 12 12 13 12 12 12 12 12 12 12 13 13 12 13 13 13 13 13 14 13 13 13 13 14 14 14];
