t = [0 0 0 0 0 0 0 0 0 0 0 0 0 0 0 0 0 0 0 0 0 0 0 0 0 0 0 0 0 0 0 0 0 0 0 0 0 0 0 0 0 0 0 0 0 0 0 0 0 0 0 0 0 0 0 0 0 0 0 0 0 0 0 0 0 0 0 0 0 0 0 0 0 0 0 0 0 0 0 0 0 0 0 0 0 0 0 0 0 0 0 0 0 0 0 0 0 0 0 0 0 0 0 0 0 0 0 0 0 0 0 0 0 0 0 0 0 0 0 0 0 0 0 0 0 0 0 0 0 0 0 0 0 0 0 0 0 0 0 0 0 0 0 0 0 0 0 0 0 0 0 0 0 0 0 0 0 0 0 0 0 0 0 0 0 0 0 0 0 0 0 0 0 0 0 0 0 0 0 0 0 0 0 0 0 0 0 0 0 0 0 0 0 0 0 0 0 0 0 0 0 0 0 0 0 0 0 0 0 0 0 0 0 0 0 0 0 0 0 0 0 0 0 0 0 0 0 0 0 0 0 0 0 0 0 0 0 0 0 0 0 0 0 0 0 0 0 0 0 0 0 0 0 0 0 0 0 0 0 0 0 0 0 0 0 0 0 0 0 0 0 0 0 0 0 0 0 0 0 0 0 0 0 0 0 0 0 0 0 0 0 0 0 0 0 0 0 0 0 0 0 0 0 0 0 0 0 0 0 0 0 0 0 0 0 0 0 0 0 0 0 0 0 0 0 0 0 0 0 0 0 0 0 0 0 0 0 0 0 0 0 0 0 0 0 0 0 0 0 0 0 0 0 0 0 0 0 0 0 0 0 0 0 0 0 0 0 0 0 0 0 0 0 0 0 0 0 0 0 0 0 0 0 0 0 0 0 0 0 0 0 0 0 0 0 0 0 0 0 0 0 0 0 0 0 0 0 0 0 0 0 0 0 0 0 0 0 0 0 0 0 0 0 0 0 0 0 0 0 0 0 0 0 0 0 0 0 0 0 0 0 0 0 0 0 0 0 0 0 0 0 0 0 0];
x1 = [18 20 19 20 18 19 19 19 19 21 19 16 18 20 20 20 19 18 20 18 18 18 18 19 19 19 19 19 18 17 18 17 18 18 19 19 18 18 19 17 18 17 17 19 17 19 17 16 18 19 19 19 18 19 20 19 18 16 17 18 19 20 18 19 18 17 17 19 17 19 18 17 18 16 17 18 18 18 17 18 18 16 17 18 19 19 16 17 17 19 18 18 17 17 18 18 17 16 17 18 17 17 17 18 16 16 18 17 18 18 18 16 18 17 18 16 18 17 18 16 16 16 18 18 18 19 21 22 21 18 18 19 24 30 32 36 39 40 40 41 42 42 42 43 42 42 43 43 43 43 43 42 42 41 41 42 41 41 41 40 41 41 41 41 40 40 40 40 40 39 40 40 39 39 39 39 40 40 39 40 40 40 39 39 39 40 40 40 40 39 40 39 39 39 39 40 40 40 40 40 40 40 39 40 40 39 40 39 40 40 40 40 39 38 39 39 40 40 40 39 39 40 40 39 39 41 41 40 40 40 39 41 40 40 41 40 40 40 40 40 41 40 41 41 40 41 40 41 41 41 40 41 41 41 40 39 39 41 40 40 40 41 40 41 41 40 40 39 39 40 39 40 41 39 40 40 39 39 40 39 40 40 40 40 40 40 39 38 39 39 41 40 41 41 39 41 41 40 41 40 40 41 41 40 41 41 40 40 42 41 43 40 42 44 44 45 44 45 44 46 44 45 46 43 44 44 45 44 45 45 45 46 46 45 46 45 45 45 46 46 46 45 46 45 46 46 47 46 46 46 46 46 46 45 46 45 46 45 45 46 45 46 45 46 45 45 45 44 45 43 44 44 44 44 44 43 43 43 43 43 43 43 43 42 44 43 43 42 42 43 43 43 43 43 42 43 43 42 42 44 43 44 43 45 44 44 43 43 43 42 43 43 42 44 43 43 43 42 42 42 43 43 42 43 43 43 43 43 42 42 43 42 43 42 43 43 42 42 43 42 44 44 44 43 43 43 43 43 42 43 44 42 43 43];
x2 = [32 32 32 32 31 32 32 32 34 32 31 33 36 35 33 32 34 32 31 33 32 31 32 32 32 33 33 33 32 31 32 32 33 32 34 34 34 32 31 28 30 32 30 31 33 31 30 30 33 33 33 31 33 34 33 28 29 31 28 32 34 33 32 31 30 32 32 33 31 31 31 32 30 30 31 33 31 30 31 30 28 29 31 32 30 28 31 31 32 31 31 30 29 31 30 29 28 29 31 29 29 30 29 28 28 30 30 30 29 29 29 28 28 28 28 27 29 29 29 28 27 29 29 30 30 29 31 22 13 12 11 13 19 23 26 30 33 34 36 36 37 37 39 38 37 37 38 38 39 39 39 38 38 38 37 38 38 37 37 37 38 38 38 37 36 36 37 36 36 36 37 35 36 36 35 35 36 36 36 36 36 36 35 35 35 36 36 35 35 36 36 36 35 36 35 35 35 36 36 36 36 35 36 36 36 35 35 36 36 36 35 35 35 36 35 35 37 36 36 35 34 35 35 35 36 36 36 36 36 36 36 37 37 36 36 36 35 36 37 37 37 37 37 37 37 37 36 37 37 37 37 37 37 37 37 36 37 36 36 36 37 37 37 37 36 36 37 36 37 36 36 36 37 35 37 36 35 35 35 36 36 36 36 36 37 35 35 35 35 35 37 37 36 36 35 36 37 37 37 36 36 36 37 37 36 37 37 37 38 37 40 38 39 41 40 41 40 41 41 41 42 41 42 41 40 40 41 40 40 39 42 42 43 41 42 41 42 42 43 43 42 42 42 41 43 43 42 42 43 43 43 43 43 42 43 43 42 42 43 43 42 42 42 43 42 42 41 41 41 41 41 40 40 40 40 40 40 40 39 39 39 40 39 39 38 39 39 39 40 39 39 39 39 39 39 39 38 39 39 40 39 39 39 39 39 39 39 39 39 39 39 39 38 39 38 39 38 39 38 38 39 39 38 39 39 39 40 39 38 39 38 38 39 40 38 38 38 38 39 38 39 39 39 38 39 39 38 37 37 38 38 38 38 38];
x3 = [15 15 15 15 14 14 15 13 14 16 14 14 12 14 16 16 15 13 15 13 14 13 13 14 14 13 14 13 14 14 14 13 14 14 14 15 14 14 15 13 14 13 11 14 15 14 13 13 14 14 14 14 14 14 14 15 14 13 12 12 13 15 14 14 14 13 12 14 13 14 14 14 14 14 14 11 13 15 13 13 13 12 12 13 14 14 13 12 14 13 15 14 14 13 13 13 14 13 14 13 13 13 12 13 13 13 13 13 13 12 13 13 12 12 14 12 12 12 13 13 13 12 13 15 14 17 19 21 22 22 18 19 22 25 25 26 27 26 28 27 29 28 28 28 28 27 27 27 27 26 28 27 27 26 26 26 27 26 25 26 25 25 26 26 25 25 25 25 25 25 25 25 25 25 24 25 25 25 26 26 26 25 26 25 25 25 25 25 25 25 25 25 24 25 25 25 25 24 26 26 26 26 25 25 25 26 26 25 26 26 26 25 25 25 25 26 26 26 26 26 25 25 25 26 26 26 26 27 26 26 27 26 27 26 27 27 27 26 27 26 26 26 27 27 27 27 27 27 26 27 26 27 27 26 27 26 26 27 26 26 26 27 26 27 27 26 26 26 27 27 26 26 26 26 27 26 26 26 26 26 27 26 26 26 26 26 25 25 25 24 25 26 25 26 26 26 25 26 26 26 25 25 26 26 27 26 25 25 26 26 28 26 26 28 28 30 29 29 30 29 31 29 30 29 29 29 30 29 29 29 30 30 30 30 30 30 30 30 30 31 31 29 30 31 31 31 31 31 30 31 30 31 29 30 31 30 30 30 30 30 29 30 29 30 29 29 28 28 28 27 28 28 28 28 27 27 27 28 27 27 27 27 28 27 27 27 27 27 28 27 26 27 27 27 27 26 27 27 27 28 26 27 27 27 27 27 27 28 27 27 27 27 27 27 27 27 27 27 27 27 27 27 27 27 27 27 28 27 27 27 27 27 27 27 25 27 26 27 27 26 27 28 28 27 27 28 28 26 27 28 27 26 28 27];
x4 = [109.412 102.353 105.882 102.353 105.882 103.333 105.882 101.053 105 101.25 102.353 113.684 105 102.857 105.882 105 107.368 104.211 101.25 105 106.667 103.333 104.211 103.333 103.333 102 104.211 102 106.667 109.412 106.667 107.368 107.368 106.667 105 107.368 108 106.667 105 104 105 107.368 101.053 102.353 113.333 102.353 105.882 109.412 107.368 104.211 104.211 102.353 107.368 105 101.053 101.538 104 110 101.25 102 102.857 103.333 106.667 102.353 105 107.368 105 104.211 106.667 102.353 105.882 110 105 112.5 109.412 100.909 103.333 108 106.667 102.353 100 105.882 104.211 104.211 101.25 98.5714 110 104.211 110 100 108.75 105 108 106.667 102.353 101.25 107.143 108.75 109.412 101.25 105 105.882 102.353 100 108 109.412 102.353 105.882 101.25 98.8235 101.25 108 97.5 101.25 102.857 104 98.8235 102.353 101.25 108 107.143 105.882 101.25 108 105 110 110 60 293.333 276 300 300 324 342.857 8.57143 24 30 34.2857 40 38.5714 36.9231 38.5714 47.1429 40 38.5714 40 41.25 41.25 45 45.8824 44 44 44 48 44 45 47.1429 44 45 47.1429 48.75 48.75 48 44 44 44 48 44 44 47.1429 48 40 47.1429 47.1429 44 42.8571 44 44 46.1538 42.8571 42.8571 44 41.5385 42.8571 42.8571 44 44 40 40 47.1429 44 47.1429 44 47.1429 42.8571 40 40 45 42.8571 42.8571 42.8571 38.5714 47.1429 44 44 41.5385 38.5714 47.1429 42.8571 42.8571 38.5714 40 42.8571 50.7692 42.8571 41.5385 47.1429 42.8571 42.8571 41.5385 38.5714 40 40 41.5385 46.1538 40 40 41.5385 42.8571 42.8571 45 44 46.1538 42.8571 38.5714 41.5385 36.9231 42.8571 46.1538 47.1429 44 47.1429 42.8571 42.8571 46.1538 42.8571 41.5385 42.8571 44 42.8571 47.1429 42.8571 42.8571 44 46.1538 46.1538 50.7692 38.5714 42.8571 42.8571 47.1429 42.8571 47.1429 42.8571 38.5714 42.8571 47.1429 46.1538 50 41.5385 46.1538 42.8571 44 41.5385 46.1538 42.8571 41.5385 41.5385 38.5714 46.1538 41.5385 42.8571 42.8571 42.8571 47.1429 38.5714 42.8571 46.1538 42.8571 44 45 47.1429 41.25 40 41.5385 40 45 47.1429 44 42.8571 44 41.25 44 47.1429 38.5714 44 48 48 45 44 48 51.4286 48.75 48.75 45 44 44 45 47.1429 42.3529 50.7692 45 45 51.4286 44 44 44 44 41.25 37.5 48 45 48.75 44 45 44 48 48 48.75 48 44 48.75 45 42.8571 48 48 41.25 44 48.75 48 48.75 48 49.4118 48 48 52 45 48 52 48.75 48.75 45 48.75 48.75 48.75 48.75 45.8824 48.75 45.8824 52.5 48.75 45 45 45 45.8824 48.75 48.75 48 45 45 45 48.75 44 48 38.8235 45 45 48 51.4286 45 45.8824 45 45 45 48 45.8824 41.25 48 48 45 45.8824 42.3529 45 40 42.3529 42.3529 45 44 45 48 45 45 44 42.3529 41.25 45 41.25 48 44 44 45 45 44 45 45 45 48 45 44 48 41.25 44 45 52 43.3333 41.25 45 44 45 45 42.3529 41.25 41.25 41.25 45 44 40 38.8235 40 40 38.8235 45 40 41.25];
