t = [0 0 0 0 0 0 0 0 0 0 0 0 0 0 0 0 0 0 0 0 0 0 0 0 0 0 0 0 0 0 0 0 0 0 0 0 0 0 0 0 0 0 0 0 0 0 0 0 0 0 0 0 0 0 0 0 0 0 0 0 0 0 0 0 0 0 0 0 0 0 0 0 0 0 0 0 0 0 0 0 0 0 0 0 0 0 0 0 0 0 0 0 0 0 0 0 0 0 0 0 0 0 0 0 0 0 0 0 0 0 0 0 0 0 0 0 0 0 0 0 0 0 0 0 0 0 0 0 0 0 0 0 0 0 0 0 0 0 0 0 0 0 0 0 0 0 0 0 0 0 0 0 0 0 0 0 0 0 0 0 0 0 0 0 0 0 0 0 0 0 0 0 0 0 0 0 0 0 0 0 0 0 0 0 0 0 0 0 0 0 0 0 0 0 0 0 0 0 0 0 0 0 0 0 0 0 0 0 0 0 0 0 0 0 0 0 0 0 0 0 0 0 0 0 0 0 0 0 0 0 0 0 0 0 0 0 0 0 0 0 0 0 0 0 0 0 0 0 0 0 0 0 0 0 0 0 0 0 0 0 0 0 0 0 0 0 0 0 0 0 0 0 0 0 0 0 0 0 0 0 0 0 0 0 0 0 0 0 0 0 0 0 0 0 0 0 0 0 0 0 0 0 0 0 0 0 0 0 0 0 0 0 0 0 0 0 0 0 0 0 0 0 0 0 0 0 0 0 0 0 0 0 0 0 0 0];
x1 = [253 250 251 251 250 252 248 249 250 251 256 255 252 251 252 251 251 252 250 249 248 250 250 249 248 249 248 249 249 246 248 250 249 245 248 250 251 250 248 248 248 250 251 250 251 252 252 251 252 252 252 251 250 249 249 247 246 245 245 246 247 246 244 245 245 243 245 245 243 240 244 245 245 245 241 239 232 222 203 189 170 135 101 84 70 63 54 48 46 46 45 45 45 46 45 47 45 45 46 46 46 45 45 45 46 45 46 45 45 45 46 45 45 47 44 45 45 44 45 45 45 46 45 45 46 46 46 45 46 46 45 45 45 46 45 45 45 44 46 45 44 45 45 44 45 46 45 45 45 45 45 44 45 44 45 45 45 44 44 45 45 45 44 44 44 44 43 43 44 44 44 44 44 44 43 43 43 44 44 43 43 44 44 43 43 43 43 43 43 43 43 43 42 43 42 43 41 41 41 41 40 40 40 40 40 39 40 41 41 40 40 41 41 42 41 41 41 41 43 41 41 41 41 40 41 40 41 41 42 40 41 41 40 41 40 40 40 41 41 41 40 40 41 41 40 40 40 40 41 40 40 39 38 39 41 40 42 41 41 42 42 43 43 42 42 43 43 44 43 42 42 42 42 43 43 43 43 42 43 42 43 43 43 43 43 42 42 43 43 44 44 43 43 43 44 45 43 44 44 43 45 45 45 44 45 45 45 44 45 45 45 44 44 45 44 44 46 46 45 45 46 45 44 45 45 44 45 44 45 45 46 44 46 45 45 45];
x2 = [295 293 293 294 293 295 290 292 291 297 300 297 294 295 295 296 295 294 291 290 292 291 290 291 291 289 292 293 292 290 291 291 291 287 291 293 293 292 290 289 293 293 293 292 294 295 294 294 293 295 295 294 294 291 294 291 288 285 287 290 291 287 287 288 286 285 288 287 282 285 286 288 285 284 285 280 275 266 242 209 166 128 97 83 72 64 55 48 44 41 40 40 40 39 39 40 40 41 40 39 40 40 40 41 41 40 41 40 41 40 41 41 40 41 40 39 41 41 40 40 41 41 41 41 42 41 42 41 41 41 41 42 42 41 41 40 42 41 41 41 41 41 42 41 41 41 40 41 41 41 41 41 40 40 41 40 41 41 41 41 41 41 40 41 40 40 41 40 41 40 40 40 40 41 41 41 40 41 39 39 39 40 39 39 39 39 39 39 39 40 39 39 39 39 39 38 38 38 37 38 38 37 37 37 37 37 38 37 37 37 37 37 38 38 37 38 38 38 39 38 38 37 37 37 37 38 37 38 38 37 38 37 37 37 37 36 36 37 37 37 37 37 36 37 38 36 36 36 37 34 35 35 34 35 36 37 37 36 37 38 38 38 38 38 38 38 38 38 38 38 38 38 38 38 39 38 38 38 38 39 38 38 39 37 38 38 38 38 38 39 39 40 38 39 40 39 39 40 39 39 40 41 40 40 40 40 40 40 41 41 41 40 41 41 41 41 41 42 41 41 41 42 40 41 41 40 41 41 41 40 40 40 42 40 42 42];
x3 = [183 181 182 182 181 183 180 181 181 183 184 185 183 183 182 181 182 183 182 179 180 181 180 180 179 180 178 179 181 178 180 181 180 178 179 181 182 181 179 179 180 180 182 180 182 184 183 183 183 183 182 182 182 183 182 179 179 178 179 179 179 178 179 178 178 178 177 177 177 176 176 177 177 176 169 162 153 140 121 110 93 76 42 32 28 27 27 28 28 29 29 30 29 29 28 30 28 30 29 29 29 29 29 30 30 30 29 29 30 29 30 29 30 29 29 29 30 29 29 30 30 30 29 29 31 29 31 30 30 30 29 30 30 30 30 29 30 30 30 30 29 29 29 29 29 29 29 30 31 30 30 30 29 30 30 29 30 29 30 30 29 29 30 29 28 29 28 29 28 29 28 28 29 29 29 28 29 28 29 28 29 28 27 28 28 27 27 28 28 28 27 28 27 28 27 27 27 27 26 27 26 26 26 26 26 26 26 26 26 26 26 26 26 27 26 27 27 27 27 27 26 26 26 26 25 26 25 26 26 27 27 26 26 26 27 26 27 28 26 27 27 27 27 27 27 26 26 27 26 26 25 25 25 25 26 27 26 27 27 27 27 28 28 27 27 27 27 27 28 27 27 27 27 27 28 27 27 27 27 28 27 28 28 28 27 28 28 27 27 29 28 29 28 28 29 29 28 28 28 29 29 29 30 28 29 29 29 30 29 29 30 29 30 29 30 30 30 30 30 30 29 30 30 29 29 29 29 29 29 29 29 29 29 29 30 30];
x4 = [82.5 83.0357 82.7027 83.0357 83.0357 83.0357 82.9091 83.2432 82.3636 84.2105 82.7586 82.5 82.7027 83.5714 82.8319 83.4783 83.3628 82.7027 82.5688 82.1622 83.5714 82.3636 81.8182 82.7027 83.0357 82.0183 83.1579 83.1579 83.2432 83.5714 83.2432 82.3636 82.7027 83.1193 83.0357 83.0357 82.7027 82.7027 82.7027 82.3636 83.8938 82.8319 82.7027 82.5 83.0357 83.2432 82.7027 83.2432 82.3636 83.0357 82.8319 83.0357 83.5714 83.3333 84.1071 83.5714 83.1193 82.4299 83.3333 83.7838 83.5714 82.5688 83.8889 83.4545 82.7778 83.5514 83.2432 82.9091 82.2857 84.7706 82.9091 83.2432 82.2222 81.6667 82.7586 80.8475 81.1475 80.9524 79.3388 72.1212 56.8831 52.8814 55.9322 58.8462 62.7273 61.6216 62.1429 60 53.3333 42.3529 41.25 40 41.25 35.2941 38.8235 35.2941 42.3529 44 38.8235 35.2941 38.8235 41.25 41.25 44 41.25 40 42.3529 41.25 44 41.25 41.25 45 40 40 44 37.5 44 48 41.25 40 44 41.25 45 45 44 42.3529 44 44 41.25 41.25 45 48 48 41.25 44 41.25 48 47.1429 41.25 44 48 45 48.75 48 45 42.3529 41.25 44 42.8571 44 44 47.1429 41.25 42.8571 44 41.25 44 48 47.1429 44 45 45 42.8571 48 45 44 52 47.1429 48.75 44 45 45 44 48 51.4286 52 47.1429 48.75 40 44 42.8571 45 42.3529 44 44 45 45 44 44 48 45 44 48 44 48 41.25 47.1429 47.1429 44 47.1429 51.4286 47.1429 47.1429 47.1429 47.1429 50.7692 51.4286 44 44 47.1429 47.1429 44 48 44 44 47.1429 47.1429 47.1429 45 47.1429 48 44 44 47.1429 45 51.4286 45 48 45 46.1538 47.1429 44 47.1429 44 46.1538 42.8571 41.5385 41.5385 44 42.8571 46.1538 46.1538 38.5714 42.8571 50.7692 42.8571 42.8571 41.5385 44 34.2857 40 42.8571 41.5385 42.8571 40 46.1538 41.25 38.5714 42.8571 44 44 40 40 44 44 41.25 41.25 38.8235 40 44 44 44 44 41.25 44 41.25 41.25 44 41.25 47.1429 41.25 40 44 36 41.25 42.8571 42.8571 41.25 41.25 40 41.25 47.1429 40 44 44 37.5 44 45 41.25 42.8571 41.25 45 40 45 41.25 41.25 41.25 42.8571 45 45 44 44 47.1429 45 47.1429 47.1429 41.25 45 44 44 42.3529 48 42.8571 45 45 44 45 48 45 41.25 38.8235 44 45.8824 41.25 48 48];
