t = [0 0 0 0 0 0 0 0 0 0 0 0 0 0 0 0 0 0 0 0 0 0 0 0 0 0 0 0 0 0 0 0 0 0 0 0 0 0 0 0 0 0 0 0 0 0 0 0 0 0 0 0 0 0 0 0 0 0 0 0 0 0 0 0 0 0 0 0 0 0 0 0 0 0 0 0 0 0 0 0 0 0 0 0 0 0 0 0 0 0 0 0 0 0 0 0 0 0 0 0 0 0 0 0 0 0 0 0 0 0 0 0 0 0 0 0 0 0 0 0 0 0 0 0 0 0 0 0 0 0 0 0 0 0 0 0 0 0 0 0 0 0 0 0 0 0 0 0 0 0 0 0 0 0 0 0 0 0 0 0 0 0 0 0 0 0 0 0 0 0 0 0 0 0 0 0 0 0 0 0 0 0 0 0 0 0 0 0 0 0 0 0 0 0 0 0 0 0 0 0 0 0 0 0 0 0 0 0 0 0 0 0 0 0 0 0 0 0 0 0 0 0 0 0 0 0 0 0 0 0 0 0 0 0 0 0 0 0 0 0 0 0 0 0 0 0 0 0 0 0 0 0 0 0 0 0 0 0 0 0 0 0 0 0 0 0 0 0 0 0 0 0 0 0 0 0 0 0 0 0 0 0 0 0 0 0 0 0 0 0 0 0 0 0 0 0 0 0 0 0 0 0 0 0 0 0 0 0 0 0 0 0 0 0 0 0 0 0 0 0 0 0 0 0 0 0 0 0 0 0 0 0 0 0 0 0 0 0 0 0 0 0 0 0 0 0 0 0 0 0 0 0 0 0 0 0 0 0 0 0 0 0 0 0 0 0 0 0 0 0 0 0 0 0 0 0 0 0 0 0 0 0 0 0 0 0 0 0 0 0 0 0 0 0 0 0 0 0 0 0 0 0 0 0 0 0 0 0 0 0 0 0 0 0 0 0 0 0 0 0 0 0 0 0 0 0 0 0 0 0 0 0 0 0 0 0 0 0 0 0 0 0 0 0 0 0 0 0 0 0 0 0 0 0 0 0 0 0 0 0 0 0 0 0 0 0 0 0 0 0 0 0 0 0 0 0 0 0 0 0 0 0 0 0 0 0 0 0 0 0 0 0 0 0 0 0 0 0 0 0 0 0 0 0 0 0 0 0 0 0 0 0 0 0 0 0 0 0 0 0 0 0 0 0 0 0 0 0 0 0 0 0 0 0 0 0 0 0 0 0 0 0 0 0 0 0 0 0 0 0 0 0 0 0 0 0 0 0 0 0 0 0 0 0 0 0 0 0 0 0 0 0 0 0 0 0 0 0 0 0 0 0 0 0 0 0 0 0 0 0 0 0 0 0 0 0 0 0 0 0 0 0 0 0 0 0 0 0 0 0 0 0 0 0 0 0 0 0 0 0 0 0 0 0 0 0 0 0 0 0 0 0 0 0 0 0 0 0 0 0 0 0 0 0 0 0 0 0 0 0 0 0 0 0 0 0 0 0 0 0 0 0 0 0 0 0 0 0 0 0 0 0 0 0 0 0 0 0 0 0 0 0 0 0 0 0 0 0 0 0 0 0 0 0 0 0 0 0 0 0 0 0 0 0 0 0 0 0 0 0 0 0 0 0 0 0 0 0 0 0 0 0 0 0 0 0 0 0 0 0 0 0 0 0 0 0 0 0 0 0 0 0 0 0 0 0 0 0 0 0 0 0 0 0 0 0 0 0 0 0 0 0 0 0 0 0 0 0 0 0 0 0 0 0 0 0 0 0 0 0 0 0 0 0 0 0 0 0 0 0 0 0 0 0 0 0 0 0 0 0 0 0 0 0 0 0 0 0 0 0 0 0 0 0 0 0 0 0 0 0 0 0 0 0 0 0 0 0 0 0 0 0 0 0 0 0 0 0 0 0 0 0 0 0 0 0 0 0 0 0 0 0 0 0 0 0 0 0 0 0 0 0 0 0 0 0 0 0 0 0 0 0 0 0 0 0 0 0 0 0 0 0 0 0 0 0 0 0 0 0 0 0 0 0 0 0 0 0 0 0 0 0 0 0 0 0 0 0 0 0 0 0 0 0 0 0 0 0 0 0 0 0 0 0 0 0 0 0 0 0 0 0 0 0 0];
x1 = [263 262 262 264 263 259 258 251 251 249 252 255 250 259 257 260 257 255 260 258 259 262 266 269 271 273 262 264 258 260 258 249 217 169 134 149 155 151 153 151 136 153 147 147 150 142 144 155 144 149 149 135 151 147 149 149 153 147 145 143 143 143 142 148 126 147 147 147 150 145 154 153 154 155 151 154 154 156 154 154 157 151 157 151 154 154 150 145 148 149 153 150 147 142 149 151 154 150 156 143 153 154 153 151 153 141 154 155 155 153 143 151 148 150 151 145 145 139 145 142 142 143 129 139 142 139 137 139 124 134 138 135 143 150 137 144 141 138 141 141 129 139 136 139 137 139 126 132 134 135 135 135 129 138 135 137 136 138 129 141 142 138 131 142 138 141 138 137 129 139 132 137 137 135 132 132 137 135 141 141 141 135 143 145 143 143 136 136 145 147 138 126 79 54 49 24 34 29 26 28 27 27 24 26 23 27 28 26 23 20 22 24 21 22 21 22 20 24 21 24 27 29 26 24 22 21 20 28 29 30 29 30 32 24 28 29 29 26 23 24 21 20 22 21 18 18 22 26 27 29 34 28 27 29 30 29 28 34 28 27 28 28 27 27 26 27 27 27 29 40 36 37 39 37 35 34 36 34 35 39 39 43 46 53 58 54 54 51 40 40 33 32 29 28 26 23 22 20 27 22 24 23 24 22 27 24 23 24 22 22 21 22 23 26 27 27 27 29 24 20 21 20 17 17 18 20 24 20 20 21 23 29 53 53 36 27 26 30 28 27 22 24 22 22 22 28 29 26 21 18 29 33 27 37 39 45 34 36 39 35 36 26 27 26 26 24 27 18 18 18 17 20 18 18 18 21 20 21 27 35 35 35 34 35 35 27 32 35 39 45 30 35 36 36 39 27 32 33 32 33 36 29 30 30 28 34 22 32 28 30 32 29 29 32 32 32 29 36 26 30 29 30 33 29 24 30 32 33 35 29 30 34 33 42 23 32 32 32 35 32 33 32 33 33 30 36 29 26 32 32 32 30 35 34 39 39 37 39 40 29 39 40 40 37 42 32 40 40 39 40 40 45 36 34 35 27 29 34 23 23 23 26 30 21 26 27 26 24 23 29 26 24 24 23 20 23 20 23 22 27 23 28 28 30 28 29 21 27 27 24 27 36 73 111 170 219 228 232 230 230 227 228 230 231 230 233 232 238 233 233 232 231 230 224 228 227 224 224 222 222 221 219 220 224 227 230 236 241 239 241 243 251 245 245 251 249 250 252 253 252 249 245 243 247 247 250 245 251 246 240 241 240 241 241 232 240 240 237 241 241 236 240 234 234 230 233 232 230 234 233 226 221 220 221 233 231 231 233 226 230 225 226 225 221 224 227 234 234 236 232 231 232 241 246 247 250 245 246 239 237 225 225 225 226 233 233 228 228 224 225 230 230 228 226 224 230 233 240 243 241 239 230 227 227 230 233 240 240 241 243 244 243 238 234 232 233 234 233 234 234 233 230 231 233 228 231 232 232 232 231 231 217 163 115 67 32 21 16 17 17 18 17 17 17 17 16 18 16 15 18 17 16 20 18 20 18 20 17 20 18 18 21 21 20 20 22 22 21 21 20 22 22 22 18 20 20 18 16 20 20 17 18 18 20 20 20 20 17 20 17 18 17 18 20 16 22 20 18 21 21 20 20 18 20 20 20 20 21 21 20 20 20 18 17 17 18 20 20 21 20 21 21 18 17 17 18 18 18 18 18 18 20 17 18 18 17 16 18 16 16 18 18 17 17 17 18 18 18 18 20 18 18 21 18 17 16 17 17 18 17 17 18 17 18 15 16 14 18 15 15 16 16 18 18 17 16 18 18 18 20 18 20 18 18 17 18 18 20 17 20 20 20 21 20 21 21 22 20 8 10 16 17 16 17 16 15 15 15 15 15 15 15 14 13 13 14 15 14 14 14 15 13 13 13 13 13 11 13 13 13 11 11 14 11 14 13 13 11 13 13 11 13 13 13 13 13 14 13 13 13 13 14 14 14 13 14 13 14 13 14 14 13 14 13 13 14 14 14 13 13 13 13 13 13 14 11 13 13 13 13 14 13 14 14 13 13 13 13 14 13 15 13 14 15 14];
