t = [0 0 0 0 0 0 0 0 0 0 0 0 0 0 0 0 0 0 0 0 0 0 0 0 0 0 0 0 0 0 0 0 0 0 0 0 0 0 0 0 0 0 0 0 0 0 0 0 0 0 0 0 0 0 0 0 0 0 0 0 0 0 0 0 0 0 0 0 0 0 0 0 0 0 0 0 0 0 0 0 0 0 0 0 0 0 0 0 0 0 0 0 0 0 0 0 0 0 0 0 0 0 0 0 0 0 0 0 0 0 0 0 0 0 0 0 0 0 0 0 0 0 0 0 0 0 0 0 0 0 0 0 0 0 0 0 0 0 0 0 0 0 0 0 0 0 0 0 0 0 0 0 0 0 0 0 0 0 0 0 0 0 0 0 0 0 0 0 0 0 0 0 0 0 0 0 0 0 0 0 0 0 0 0 0 0 0 0 0 0 0 0 0 0 0 0 0 0 0 0 0 0 0 0 0 0 0 0 0 0 0 0 0 0 0 0 0 0 0 0 0 0 0 0 0 0 0 0 0 0 0 0 0 0 0 0 0 0 0 0 0 0 0 0 0 0 0 0 0 0 0 0 0 0 0 0 0 0 0 0 0 0 0 0 0 0 0 0 0 0 0 0 0 0 0 0 0 0 0 0 0 0 0 0 0 0 0 0 0 0 0 0 0 0 0 0 0 0 0 0 0 0 0 0 0 0 0 0 0 0 0 0 0 0 0 0 0 0 0 0 0 0 0 0 0 0 0 0 0 0 0 0 0 0 0 0];
x1 = [195 194 195 194 194 193 193 193 193 197 198 196 196 196 195 198 197 194 195 195 196 197 195 196 196 198 197 195 196 196 196 195 194 192 194 194 192 192 192 193 193 194 193 191 194 197 196 196 197 197 197 197 196 196 194 194 192 191 193 192 193 193 190 191 191 190 189 186 183 180 173 160 144 132 105 75 59 48 44 39 37 37 37 37 38 38 37 37 37 38 38 38 37 37 37 36 36 36 36 35 35 36 37 37 37 36 37 37 37 35 36 36 35 36 37 35 35 35 36 35 35 35 35 36 35 34 33 34 36 35 35 35 34 34 34 34 35 33 34 34 33 33 33 33 33 32 32 33 32 31 31 31 30 31 31 31 30 30 29 29 30 29 29 29 29 28 27 27 27 27 27 27 26 26 26 26 26 26 27 26 25 26 26 26 26 26 25 26 24 26 25 26 25 26 24 25 25 25 25 25 24 24 24 25 24 24 23 25 25 24 25 25 25 25 25 25 25 25 25 26 26 24 25 25 25 25 24 25 25 26 26 26 27 28 28 29 30 29 31 32 32 31 32 33 33 33 34 33 33 33 34 33 33 33 35 36 35 35 35 35 36 36 35 35 36 36 36 35 37 35 36 36 37 36 37 36 36 36 36 37 36 36 37 36 36 36 35 36 36 37 36 37 37 36 36 36 36 36 36 35 38 36 37 36 37 36 35 36 36 35 35 36 35 35 35 35 35 35 35 34 34 34 35 34 35 34 33 34 33 33 33 33 34 34 33 33];
x2 = [210 210 211 210 211 211 207 208 208 212 211 212 211 211 211 212 210 210 212 211 213 212 211 211 212 212 213 212 212 209 211 211 210 207 206 208 207 206 207 209 208 208 205 205 210 211 210 211 212 213 212 212 210 211 209 209 207 206 207 208 208 207 204 206 206 204 203 201 198 195 186 172 151 129 93 69 56 48 43 40 36 34 34 33 34 35 33 33 34 34 34 35 34 33 34 33 33 33 33 34 33 33 34 34 34 35 33 34 34 34 34 33 33 33 34 33 32 33 33 34 32 33 32 32 32 32 32 32 33 32 32 32 32 32 31 31 31 31 31 31 31 30 31 31 31 30 31 30 29 29 29 29 28 29 29 28 27 28 26 26 26 26 26 25 26 24 24 24 24 23 23 23 23 22 22 23 22 22 22 20 22 22 21 21 21 21 22 21 21 22 22 22 22 22 22 22 22 22 22 21 22 22 21 22 20 21 21 21 22 21 21 21 21 21 22 22 22 21 20 23 22 22 22 21 21 22 21 21 20 22 22 23 23 25 27 27 27 29 28 28 30 29 29 30 30 31 32 31 30 31 31 31 31 31 33 33 33 33 32 32 33 33 34 32 33 34 34 33 33 33 33 33 33 34 34 33 33 34 33 33 34 33 35 34 34 33 33 33 34 33 34 34 35 33 33 33 33 33 33 33 34 33 33 33 33 34 32 34 33 34 33 33 33 33 34 33 33 33 32 32 32 32 33 32 32 31 31 31 31 31 31 32 31 31 31 30];
x3 = [90 90 90 89 90 89 89 89 90 91 91 91 91 91 91 92 92 91 91 91 92 91 90 91 91 92 92 90 90 90 92 90 90 90 90 90 90 89 89 90 90 90 90 89 89 92 92 90 92 91 91 92 91 91 90 90 89 90 90 90 89 90 88 88 89 89 87 85 82 78 71 60 52 46 33 21 17 15 15 16 15 16 16 15 16 16 16 16 16 16 15 16 15 15 15 16 15 14 15 15 15 16 16 15 15 15 16 16 15 15 15 15 15 15 16 14 15 15 14 14 15 14 15 14 14 14 14 14 14 15 14 14 14 14 14 13 13 13 14 13 14 14 13 12 14 13 13 13 13 14 13 13 12 14 13 12 12 12 12 11 12 12 11 11 12 11 11 11 11 10 11 10 11 11 11 11 11 11 11 10 11 11 10 12 10 11 11 11 11 11 10 11 11 11 11 11 11 11 10 10 10 11 11 10 11 10 10 10 10 11 11 11 10 11 12 11 11 10 11 10 11 11 11 11 10 11 11 11 11 11 11 11 10 11 11 11 11 13 12 12 12 13 13 12 14 14 14 14 14 14 14 15 15 15 15 15 15 16 15 15 15 15 15 15 15 16 15 16 15 15 15 15 15 16 16 15 15 15 15 16 15 15 16 15 16 15 15 14 15 15 16 16 15 15 15 14 15 16 15 15 16 15 15 15 15 16 15 15 15 15 14 15 15 14 14 14 14 14 14 15 14 15 14 13 14 14 13 14 13 13 13 13 13 14 13 12];
x4 = [67.5 68 67.9339 67.9339 68.4298 68.8525 67.1186 67.563 67.6271 67.438 66.5 67.9339 67.5 67.5 68 67 66.6102 68.0672 68.4298 68 68.4298 67.438 67.9339 67.5 67.9339 67 67.9339 68.3607 67.8689 66.5546 67.563 67.9339 68 67.6923 66.2069 67.1186 67.6923 67.1795 67.6271 68.0672 67.6271 67.1186 66.2609 67.2414 67.9339 67.0588 67.1186 67.438 67.5 67.8689 67.438 67.5 67.0588 67.5 67.563 67.563 67.6271 67.7586 67.1795 68.1356 67.563 67.1795 67.2414 67.6271 67.6923 67.3043 67.2414 67.7586 67.7586 67.6923 66.7826 66.4286 64.2424 57.907 50 53.3333 55.7143 60 57.931 62.5 57.2727 51.4286 51.4286 49.0909 49.0909 51.8182 48.5714 48.5714 51.4286 49.0909 49.5652 51.8182 51.8182 49.0909 51.8182 51 51.4286 51.8182 51.4286 57 54 51 51.4286 51.8182 51.8182 57.1429 48.5714 51.4286 51.8182 57 54.2857 51.4286 54 51.4286 51.4286 54.2857 51 54 51.8182 57.1429 51 54.2857 51 49.0909 51.4286 54 56.8421 54 51.8182 51 51.4286 51.4286 54 54 51 51.4286 49.0909 54 51 51.4286 53.6842 50.5263 54 54.2857 53.6842 53.6842 56.8421 51 50.5263 52.9412 53.3333 53.3333 53.3333 52.9412 53.3333 50.5263 50 53.3333 49.4118 50 46.6667 49.4118 50 46.6667 49.4118 45.8824 48.75 48.75 48.75 45.8824 45 45.8824 48 44 44 48 44 44 41.25 37.5 47.1429 44 41.25 38.5714 41.25 40 47.1429 40 46.1538 44 48 44 47.1429 44 50.7692 47.1429 47.1429 47.1429 48 44 51.4286 50.7692 46.1538 48 41.5385 47.1429 50.7692 44 48 46.1538 42.8571 42.8571 44 42.8571 46.1538 47.1429 47.1429 44 38.5714 48.75 44 50.7692 47.1429 42.8571 44 47.1429 46.1538 42.8571 38.5714 44 44 48 45.8824 49.4118 56.4706 53.3333 50.5263 60 50.5263 48 54 53.3333 50.5263 51.4286 50.5263 53.6842 54 53.6842 50.5263 53.6842 51 53.3333 53.3333 53.3333 54 51.4286 54 53.6842 51 51 51.4286 51.4286 57 51 51.4286 54 54.2857 53.6842 49.0909 54 51.4286 51.4286 49.0909 54 51.4286 51.4286 51.4286 54.2857 51.4286 48.5714 54.2857 51.4286 54.2857 54.2857 54 51.4286 54 51.8182 54.2857 49.0909 54 51.4286 54.5455 51.4286 51.4286 51.8182 51.4286 51 51.4286 54 49.0909 51.4286 49.0909 51.4286 49.0909 54 51 54.2857 51.4286 57 54.2857 51.4286 54 54.2857 57.1429 54.2857 54.2857 54.2857 51.4286 53.6842 54 53.6842 54.2857 54.2857 51.4286 51 54 51 54 54 54 57 51.4286 51 54 51.4286];
