t = [0 0 0 0 0 0 0 0 0 0 0 0 0 0 0 0 0 0 0 0 0 0 0 0 0 0 0 0 0 0 0 0 0 0 0 0 0 0 0 0 0 0 0 0 0 0 0 0 0 0 0 0 0 0 0 0 0 0 0 0 0 0 0 0 0 0 0 0 0 0 0 0 0 0 0 0 0 0 0 0 0 0 0 0 0 0 0 0 0 0 0 0 0 0 0 0 0 0 0 0 0 0 0 0 0 0 0 0 0 0 0 0 0 0 0 0 0 0 0 0 0 0 0 0 0 0 0 0 0 0 0 0 0 0 0 0 0 0 0 0 0 0 0 0 0 0 0 0 0 0 0 0 0 0 0 0 0 0 0 0 0 0 0 0 0 0 0 0 0 0 0 0 0 0 0 0 0 0 0 0 0 0 0 0 0 0 0 0 0 0 0 0 0 0 0 0 0 0 0 0 0 0 0 0 0 0 0 0 0 0 0 0 0 0 0 0 0 0 0 0 0 0 0 0 0 0 0 0 0 0 0 0 0 0 0 0 0 0 0 0 0 0 0 0 0 0 0 0 0 0 0 0 0 0 0 0 0 0 0 0 0 0 0 0 0 0 0 0 0 0 0 0 0 0 0 0 0 0 0 0 0 0 0 0 0 0 0 0 0 0 0 0 0 0 0 0 0 0 0 0 0 0 0 0 0 0 0 0 0 0 0 0 0 0 0 0 0 0 0 0 0 0 0 0 0 0 0 0 0 0 0 0 0 0 0 0 0 0 0 0 0 0 0 0 0 0 0 0 0 0 0 0 0 0 0 0 0 0 0 0 0 0 0 0 0 0 0 0 0 0 0 0 0 0 0 0 0 0 0 0 0 0 0 0 0 0 0 0 0 0 0 0 0 0 0 0 0 0 0 0 0 0 0 0 0 0 0 0 0 0 0 0 0 0 0 0 0 0 0 0 0 0 0 0 0 0 0 0 0 0 0 0 0 0 0 0 0 0 0 0 0 0 0 0 0 0 0 0 0 0 0 0 0 0];
x1 = [16 16 16 15 16 16 16 15 16 17 16 15 16 15 16 15 15 17 15 14 15 16 17 16 16 16 14 13 14 15 14 15 15 15 15 13 13 14 15 14 15 15 16 15 14 16 17 15 15 15 15 15 15 15 16 14 16 15 15 15 16 15 15 15 14 15 14 14 14 14 14 15 15 15 15 14 14 14 14 12 13 15 15 16 17 16 16 17 16 15 14 12 12 12 11 13 13 15 15 15 16 16 16 15 15 14 14 14 15 15 14 14 14 15 15 14 15 15 14 14 15 15 17 19 19 20 18 16 16 18 20 23 27 29 31 33 33 34 33 33 34 34 34 33 34 34 34 33 33 33 34 32 33 33 32 32 31 32 32 33 33 32 33 32 33 33 33 33 33 33 33 33 33 33 33 34 34 33 34 33 33 33 33 33 33 33 34 33 34 33 34 33 33 33 33 33 33 34 34 34 34 34 34 33 32 32 33 32 33 33 33 33 33 33 33 33 34 33 34 33 34 33 32 33 34 33 33 33 34 33 34 34 34 33 33 34 33 33 34 34 34 34 33 35 34 34 34 34 34 34 34 34 34 34 33 33 33 33 33 33 32 33 32 33 33 33 33 33 33 33 33 33 32 33 33 33 33 33 32 32 33 33 33 33 33 34 32 32 32 32 33 33 33 33 33 33 33 34 33 33 32 33 32 33 33 33 33 31 32 33 32 31 31 31 31 31 33 31 33 32 34 32 32 32 32 32 33 32 32 32 33 34 33 34 33 34 34 33 34 34 32 33 34 33 33 32 34 33 34 33 34 33 33 33 33 33 33 33 33 33 32 33 33 33 33 34 33 33 33 33 32 34 33 33 33 32 33 33 33 33 33 33 33 33 32 33 33 34 33 33 33 32 32 33 34 33 33 34 33 33 34 34 34 34 34 33 33 33 32 33 33 33 33 33 33 32 33 32 33 33 33 33 33 33 33 33 33 32 33 33 33 33 33 33 33 33 34 32 33 33 33 33 33 33 33 33 33 33 32 32 32 32 32 33];
x2 = [23 24 23 23 24 23 23 23 24 24 24 24 24 24 24 24 24 23 22 23 24 25 24 25 24 23 22 22 23 23 23 22 22 23 21 22 22 23 22 23 23 23 22 22 25 24 24 23 23 23 23 23 24 24 22 22 23 23 24 23 23 24 23 22 23 23 22 21 23 23 23 23 24 24 23 22 23 21 20 21 22 23 23 25 25 26 27 25 24 22 19 19 19 21 21 23 23 23 24 25 24 25 23 23 23 24 22 23 24 22 23 23 23 22 22 24 23 23 23 23 23 24 25 25 23 17 15 11 12 14 17 21 22 25 26 27 30 30 30 29 30 30 30 30 30 29 30 30 30 29 30 30 30 29 29 28 29 29 30 29 30 30 29 30 29 30 30 30 30 31 30 31 30 31 31 31 31 30 31 31 31 31 32 31 31 31 32 30 31 31 31 31 31 31 31 31 32 32 31 31 31 31 31 31 30 30 30 30 31 30 29 30 31 30 31 31 31 30 31 31 31 31 29 30 31 30 30 31 30 31 30 31 31 31 31 32 30 31 31 30 31 31 31 32 31 31 32 31 31 31 31 30 31 31 31 31 31 31 31 30 30 30 31 31 30 30 30 30 31 30 30 30 31 29 31 31 30 30 30 30 30 31 30 30 31 30 29 29 30 29 30 30 30 30 29 30 31 31 30 30 30 30 30 30 31 32 31 30 29 30 28 29 28 28 28 29 30 29 30 28 31 30 29 29 29 29 29 29 29 30 31 30 30 31 30 31 30 30 30 31 30 30 30 30 30 30 31 30 30 31 31 30 30 30 30 31 30 30 30 30 29 30 29 30 30 30 30 29 29 31 30 30 29 29 30 30 30 31 30 30 31 30 31 30 30 30 30 30 30 29 31 30 31 31 30 31 30 31 31 31 30 30 30 30 31 30 30 30 29 30 30 30 30 30 30 30 30 30 30 30 30 30 30 30 30 30 30 30 30 30 30 30 30 30 30 30 30 30 30 30 30 31 29 30 31 30 30 30 30 30 29 30 30 30];
x3 = [5 6 5 6 7 5 7 6 5 7 6 7 5 6 6 6 5 6 5 6 5 6 6 6 6 6 6 5 5 6 6 5 6 5 5 5 4 5 5 6 7 6 6 5 6 5 6 6 5 6 5 5 6 6 6 7 6 5 5 6 6 5 6 6 5 6 6 6 6 4 5 6 6 6 6 6 6 6 5 5 5 5 4 6 7 6 8 6 7 6 7 5 5 5 4 5 5 5 6 6 5 7 6 6 6 6 6 5 5 6 5 5 5 6 6 6 6 5 7 5 6 6 7 9 10 10 11 11 10 10 10 12 12 13 14 14 14 14 14 14 15 14 15 14 13 13 13 14 13 12 14 14 14 13 14 13 14 14 13 14 14 14 14 14 14 14 14 15 14 15 14 13 14 14 14 14 14 14 14 15 14 14 14 14 14 14 15 15 14 14 14 14 14 13 13 14 14 14 14 14 15 15 14 14 14 14 14 14 14 14 14 15 14 15 14 14 14 14 14 14 14 14 13 14 14 13 13 14 14 14 14 14 14 13 14 14 14 15 14 14 14 14 14 15 14 15 14 14 14 14 14 14 14 15 14 14 14 14 13 14 13 14 15 14 14 15 14 14 14 14 14 14 14 14 14 14 14 14 14 13 13 14 13 14 14 14 13 14 14 13 13 14 14 14 14 14 14 14 14 14 14 14 15 14 14 15 14 14 13 14 13 14 13 13 13 13 14 12 13 12 14 14 13 13 14 13 14 13 13 13 15 14 14 14 14 14 14 14 14 14 14 14 14 14 14 13 15 14 14 14 14 13 13 14 13 13 14 13 13 13 13 13 14 14 14 14 13 14 13 14 14 14 13 14 15 14 14 14 14 14 15 15 14 15 15 15 15 14 15 14 14 14 14 14 14 14 14 14 14 14 14 15 14 14 14 14 14 14 13 14 13 14 14 14 13 14 12 14 13 14 14 15 14 14 14 13 14 14 14 14 15 13 14 14 14 15 14 14 13 14 14 14 14 14 14 14 14 14 14 14 14 14 14 14];
x4 = [83.3333 86.6667 83.3333 88.2353 88.2353 83.3333 86.25 88.2353 85.2632 84.7059 86.6667 91.7647 85.2632 90 86.6667 90 88.4211 81.1765 84.7059 91.7647 88.4211 88.4211 83.3333 88.4211 86.6667 84.7059 90 91.7647 90 88.2353 91.7647 84.7059 86.25 86.6667 82.5 91.7647 90 90 84.7059 91.7647 90 88.2353 82.5 84.7059 94.7368 85.2632 83.3333 88.2353 86.6667 88.2353 86.6667 86.6667 90 90 82.5 92 84.7059 86.6667 88.4211 88.2353 84.7059 88.4211 88.2353 86.25 90 88.2353 90 88 91.7647 88.4211 90 88.2353 90 90 88.2353 90 91.7647 88 84 93.75 91.7647 86.6667 85.2632 88.4211 86.6667 90 94.7368 85.2632 88.2353 86.25 85 90 90 93.75 95.2941 93.3333 93.3333 86.6667 90 91.5789 85.2632 90 84.7059 88.2353 88.2353 93.3333 90 90 88.4211 86.25 90 90 90 86.25 86.25 93.3333 88.2353 86.6667 93.75 90 88.2353 90 86.6667 82.5 78.4615 42 34.2857 0 20 30 42 49.0909 40 45 42.3529 41.0526 50.5263 48 50.5263 47.3684 47.3684 48 47.3684 50.5263 48.5714 45.7143 48.5714 50.5263 51 48.5714 48 53.3333 50.5263 48 50 47.3684 52.9412 50 53.6842 47.3684 50.5263 53.3333 47.3684 53.3333 47.3684 50.5263 50.5263 50 50.5263 53.3333 50.5263 54 50.5263 53.6842 53.6842 51 51 50.5263 51 53.3333 53.6842 53.6842 56.8421 53.6842 53.6842 53.6842 53.6842 50 51 53.6842 51 53.6842 53.6842 54 54 53.6842 56.8421 54 51 51 50.5263 50.5263 51 53.6842 53.3333 53.3333 50.5263 53.3333 53.6842 50.5263 47.3684 50 53.6842 50 53.6842 53.6842 51 50.5263 51 53.6842 51 53.6842 50.5263 50.5263 51 51 51 53.6842 48 53.6842 48 51 51 54 53.6842 54 50.5263 53.3333 51 48 51 51 53.6842 51 51 50.5263 54 51 51 51 51 48 51 50.5263 53.6842 53.6842 53.6842 53.6842 54 50.5263 53.6842 50.5263 56.4706 53.6842 50.5263 50 50.5263 50.5263 53.6842 50.5263 50.5263 50.5263 56.6667 47.3684 53.6842 53.6842 50.5263 50.5263 53.3333 53.6842 51 53.6842 51 50.5263 53.6842 48 50.5263 50 53.3333 50.5263 51 50.5263 50.5263 50.5263 47.3684 50.5263 53.6842 51 50.5263 50.5263 53.3333 50.5263 52.9412 50.5263 53.6842 56.6667 53.6842 56.4706 50.5263 50.5263 47.3684 52.9412 50 50 50 53.3333 50.5263 53.6842 51 48 51 53.3333 50.5263 50.5263 50 50.5263 47.3684 50.5263 50.5263 53.6842 53.3333 48 50.5263 51 50.5263 51 48 50.5263 48 51 53.3333 50.5263 48 50.5263 50.5263 53.6842 50.5263 50.5263 48 53.6842 51 51 51 50.5263 51 54 50.5263 51 51 51 50.5263 51 47.3684 50.5263 50.5263 48 51 47.3684 48 53.6842 53.3333 48 48 47.3684 50 53.3333 50.5263 53.6842 50.5263 50.5263 53.3333 50 53.6842 50 52.9412 50 50 48 50 47.3684 53.6842 53.3333 56.6667 53.6842 48 53.6842 50.5263 51 53.6842 53.6842 48 47.3684 48 48 51 50.5263 50.5263 50.5263 50.5263 50.5263 51 50.5263 50.5263 50.5263 51 53.3333 51.4286 53.3333 51 50.5263 50.5263 50 50.5263 50.5263 50.5263 51 50.5263 53.3333 50.5263 50.5263 50 51 50.5263 50.5263 50.5263 50 48 53.3333 51 50.5263 50.5263 53.6842 47.3684 50.5263 53.6842 50.5263 50.5263 50.5263 53.3333 53.3333 50 53.3333 53.3333 50.5263];
