t = [0 1 2 3 4 5 6 7 8 9];
x1 = [0 10 20 30 40 50 60 70 80 90];
x2 = [0 100 200 300 400 500 600 700 800 900];
