t = [0 0 0 0 0 0];
x1 = [62 728 430 80 93 45];
x2 = [73 677 95 223 141 47];
x3 = [26 309 25 41 145 20];
x4 = [84 800 477 97 120 57];
x5 = [81 963 101 277 183 58];
x6 = [85 595 91 100 295 55];

